Load (N)	Extension (mm)
	
	
	
	
-2.5056	
-2.5057	-1.2741
-2.5057	-1.2741
-2.5058	-1.2741
-2.5058	-1.2741
-2.5059	-1.2741
-2.5060	-1.2741
-2.5060	-1.2741
-2.5061	-1.2741
-2.5062	-1.2741
-2.5062	-1.2741
-2.5063	-1.2741
-2.5063	-1.2741
-2.5064	-1.2741
-2.5065	-1.2741
-2.5065	-1.2741
-2.5066	-1.2741
-2.5066	-1.2741
-2.5067	-1.2741
-2.5068	-1.2741
-2.5068	-1.2741
-2.5069	-1.2741
-2.5069	-1.2741
-2.5070	-1.2741
-2.5071	-1.2741
-2.5071	-1.2741
-2.5072	-1.2741
-2.5073	-1.2741
-2.5073	-1.2741
-2.5074	-1.2741
-2.5074	-1.2741
-2.5075	-1.2741
-2.5076	-1.2741
-2.5076	-1.2741
-2.5077	-1.2741
-2.5077	-1.2713
-2.5078	-1.2605
-1.8638	-1.2430
-1.0859	-1.2229
-0.98288	-1.2028
-0.87986	-1.1827
-0.77683	-1.1623
-0.67381	-1.1373
-0.57078	-1.1124
-0.46776	-1.0874
-0.36473	-1.0624
-0.26171	-1.0367
-0.15868	-1.0099
-0.055655	-0.98302
0.047371	-0.95618
0.15040	-0.92935
0.25342	-0.90252
0.35645	-0.87569
0.45947	-0.84885
0.56250	-0.82202
0.66552	-0.79519
0.76855	-0.76835
0.87157	-0.74136
0.97460	-0.71426
1.0776	-0.68715
1.1998	-0.66004
1.3438	-0.63293
1.4879	-0.60582
1.6320	-0.57872
1.7760	-0.55161
1.9201	-0.52450
2.0641	-0.49739
2.2082	-0.47029
2.3523	-0.44318
2.4963	-0.41607
2.6404	-0.38896
2.7845	-0.36185
2.9285	-0.33475
3.0726	-0.30764
3.2166	-0.28053
3.3607	-0.25342
3.5048	-0.22631
3.6488	-0.19921
3.7929	-0.17210
3.9370	-0.14499
4.0810	-0.11788
4.2251	-0.090776
4.3691	-0.063668
4.5132	-0.036560
4.6573	-0.0094521
4.8013	0.017656
4.9454	0.044367
5.0895	0.068235
5.1292	0.082830
5.0912	0.090342
5.0532	0.090759
5.0152	0.091177
4.9772	0.091595
4.9392	0.092013
4.9012	0.092430
4.8632	0.092848
4.8253	0.093266
4.7873	0.093634
4.7493	0.093869
4.7113	0.094105
4.6733	0.093849
4.6353	0.091289
4.5973	0.083178
4.5130	0.070586
3.8722	0.043928
3.2313	0.017269
2.5905	-0.0093887
1.9496	-0.034382
1.5178	-0.059337
1.3653	-0.084292
1.2128	-0.10925
1.0604	-0.13420
0.90789	-0.15916
0.75542	-0.18540
0.60295	-0.21201
0.45049	-0.23862
0.29802	-0.26523
0.14555	-0.29184
-0.0069127	-0.31845
-0.15938	-0.34506
-0.31185	-0.37167
-0.46431	-0.39828
-0.61678	-0.42489
-0.76924	-0.45150
-0.92171	-0.47811
-1.0742	-0.50472
-1.2266	-0.53133
-1.3791	-0.55794
-1.5316	-0.58455
-1.6840	-0.61116
-1.8365	-0.63776
-1.9890	-0.66437
-2.1414	-0.69098
-2.2939	-0.71759
-2.4464	-0.74420
-2.5988	-0.77081
-2.7513	-0.79742
-2.9038	-0.82403
-3.0562	-0.85064
-3.2087	-0.87739
-3.3612	-0.90432
-3.5136	-0.93124
-3.6661	-0.95817
-3.8186	-0.98510
-3.9710	-1.0120
-4.1235	-1.0389
-4.2760	-1.0658
-4.4284	-1.0926
-4.5809	-1.1195
-4.7334	-1.1463
-4.8858	-1.1732
-5.0383	-1.2000
-5.1908	-1.2269
-5.3432	-1.2537
-5.4957	-1.2806
-5.6482	-1.3074
-5.8006	-1.3350
-5.9531	-1.3636
-6.1056	-1.3923
-6.2580	-1.4203
-6.4105	-1.4468
-6.5630	-1.4733
-6.7154	-1.4998
-6.8679	-1.5263
-7.0204	-1.5528
-7.1728	-1.5793
-7.3253	-1.6058
-7.4778	-1.6323
-7.6302	-1.6587
-7.7827	-1.6852
-7.9352	-1.7119
-8.0876	-1.7389
-8.2401	-1.7658
-8.3926	-1.7928
-8.5450	-1.8198
-8.6975	-1.8467
-8.8500	-1.8737
-9.0024	-1.9006
-9.1444	-1.9276
-9.2817	-1.9545
-9.4190	-1.9815
-9.5563	-2.0085
-9.6936	-2.0354
-9.8309	-2.0624
-9.9682	-2.0893
-10.106	-2.1163
-10.243	-2.1432
-10.380	-2.1702
-10.517	-2.1972
-10.655	-2.2241
-10.792	-2.2511
-10.929	-2.2780
-11.067	-2.3050
-11.204	-2.3319
-11.341	-2.3589
-11.479	-2.3858
-11.616	-2.4128
-11.753	-2.4398
-11.890	-2.4667
-12.028	-2.4937
-12.165	-2.5206
-12.302	-2.5476
-12.440	-2.5745
-12.577	-2.6015
-12.714	-2.6285
-12.852	-2.6554
-12.989	-2.6824
-13.126	-2.7093
-13.264	-2.7363
-13.401	-2.7632
-13.538	-2.7902
-13.675	-2.8172
-13.813	-2.8441
-13.950	-2.8711
-14.087	-2.8980
-14.225	-2.9250
-14.362	-2.9519
-14.499	-2.9789
-14.637	-3.0059
-14.774	-3.0328
-14.911	-3.0598
-15.049	-3.0867
-15.186	-3.1137
-15.323	-3.1406
-15.460	-3.1676
-15.598	-3.1945
-15.735	-3.2215
-15.872	-3.2485
-16.010	-3.2754
-16.147	-3.3024
-16.284	-3.3293
-16.422	-3.3563
-16.559	-3.3832
-16.696	-3.4102
-16.834	-3.4372
-16.971	-3.4641
-17.108	-3.4911
-17.245	-3.5180
-17.383	-3.5450
-17.520	-3.5719
-17.657	-3.5989
-17.795	-3.6259
-17.932	-3.6528
-18.069	-3.6797
-18.207	-3.7067
-18.344	-3.7336
-18.481	-3.7605
-18.619	-3.7875
-18.756	-3.8144
-18.893	-3.8413
-19.030	-3.8682
-19.168	-3.8952
-19.305	-3.9221
-19.442	-3.9490
-19.580	-3.9759
-19.717	-4.0029
-19.854	-4.0298
-19.992	-4.0567
-20.129	-4.0836
-20.266	-4.1106
-20.404	-4.1375
-20.541	-4.1644
-20.678	-4.1913
-20.815	-4.2183
-20.953	-4.2452
-21.090	-4.2721
-21.227	-4.2991
-21.365	-4.3260
-21.502	-4.3529
-21.639	-4.3798
-21.777	-4.4068
-21.914	-4.4337
-22.051	-4.4606
-22.189	-4.4875
-22.326	-4.5145
-22.463	-4.5414
-22.600	-4.5683
-22.738	-4.5952
-22.875	-4.6222
-23.012	-4.6491
-23.150	-4.6760
-23.287	-4.7030
-23.424	-4.7299
-23.562	-4.7568
-23.699	-4.7837
-23.836	-4.8107
-23.974	-4.8376
-24.111	-4.8645
-24.248	-4.8914
-24.385	-4.9184
-24.523	-4.9453
-24.660	-4.9722
-24.797	-4.9991
-24.935	-5.0261
-25.072	-5.0530
-25.209	-5.0799
-25.347	-5.1068
-25.484	-5.1338
-25.621	-5.1607
-25.763	-5.1876
-25.906	-5.2146
-26.050	-5.2415
-26.193	-5.2684
-26.336	-5.2953
-26.479	-5.3223
-26.622	-5.3492
-26.765	-5.3761
-26.908	-5.4030
-27.051	-5.4300
-27.194	-5.4569
-27.337	-5.4838
-27.481	-5.5107
-27.624	-5.5377
-27.767	-5.5646
-27.910	-5.5915
-28.053	-5.6183
-28.196	-5.6452
-28.339	-5.6720
-28.482	-5.6989
-28.625	-5.7257
-28.768	-5.7526
-28.912	-5.7794
-29.055	-5.8063
-29.198	-5.8331
-29.341	-5.8600
-29.484	-5.8868
-29.627	-5.9137
-29.770	-5.9405
-29.913	-5.9674
-30.056	-5.9942
-30.199	-6.0211
-30.343	-6.0479
-30.486	-6.0748
-30.629	-6.1016
-30.772	-6.1285
-30.915	-6.1553
-31.058	-6.1822
-31.201	-6.2090
-31.344	-6.2359
-31.487	-6.2627
-31.630	-6.2896
-31.774	-6.3164
-31.917	-6.3433
-32.060	-6.3701
-32.203	-6.3969
-32.346	-6.4238
-32.489	-6.4506
-32.632	-6.4775
-32.775	-6.5043
-32.918	-6.5312
-33.061	-6.5580
-33.204	-6.5849
-33.348	-6.6117
-33.491	-6.6386
-33.634	-6.6654
-33.777	-6.6923
-33.920	-6.7191
-34.063	-6.7460
-34.206	-6.7728
-34.349	-6.7997
-34.492	-6.8265
-34.635	-6.8534
-34.779	-6.8802
-34.922	-6.9071
-35.065	-6.9339
-35.208	-6.9608
-35.351	-6.9876
-35.494	-7.0145
-35.637	-7.0413
-35.780	-7.0682
-35.923	-7.0950
-36.066	-7.1219
-36.210	-7.1487
-36.353	-7.1755
-36.496	-7.2024
-36.639	-7.2292
-36.782	-7.2561
-36.925	-7.2829
-37.068	-7.3098
-37.211	-7.3366
-37.354	-7.3635
-37.497	-7.3904
-37.641	-7.4173
-37.784	-7.4442
-37.927	-7.4711
-38.062	-7.4980
-38.031	-7.5249
-38.000	-7.5518
-37.969	-7.5787
-37.938	-7.6056
-37.908	-7.6325
-37.877	-7.6594
-38.113	-7.6863
-38.396	-7.7132
-38.680	-7.7401
-38.963	-7.7670
-39.247	-7.7940
-39.530	-7.8209
-39.814	-7.8478
-40.082	-7.8747
-40.220	-7.9016
-40.358	-7.9285
-40.495	-7.9554
-40.633	-7.9823
-40.770	-8.0092
-40.908	-8.0361
-41.046	-8.0630
-41.183	-8.0899
-41.321	-8.1168
-41.458	-8.1437
-41.596	-8.1706
-41.734	-8.1975
-41.871	-8.2244
-42.009	-8.2513
-42.146	-8.2783
-42.284	-8.3052
-42.422	-8.3321
-42.559	-8.3590
-42.697	-8.3859
-42.834	-8.4128
-42.972	-8.4397
-43.110	-8.4666
-43.247	-8.4935
-43.385	-8.5204
-43.522	-8.5473
-43.660	-8.5742
-43.798	-8.6011
-43.935	-8.6280
-44.073	-8.6549
-44.210	-8.6818
-44.348	-8.7087
-44.486	-8.7356
-44.623	-8.7626
-44.761	-8.7895
-44.898	-8.8164
-45.036	-8.8433
-45.174	-8.8702
-45.311	-8.8971
-45.449	-8.9240
-45.586	-8.9509
-45.724	-8.9778
-45.862	-9.0047
-45.999	-9.0316
-46.137	-9.0585
-46.274	-9.0854
-46.412	-9.1122
-46.550	-9.1391
-46.687	-9.1660
-46.825	-9.1928
-46.962	-9.2197
-47.100	-9.2466
-47.238	-9.2734
-47.375	-9.3003
-47.513	-9.3272
-47.650	-9.3540
-47.788	-9.3809
-47.925	-9.4078
-48.063	-9.4346
-48.201	-9.4615
-48.338	-9.4884
-48.476	-9.5152
-48.613	-9.5421
-48.751	-9.5690
-48.889	-9.5958
-49.026	-9.6227
-49.164	-9.6496
-49.301	-9.6764
-49.439	-9.7033
-49.577	-9.7302
-49.714	-9.7571
-49.852	-9.7839
-49.989	-9.8108
-50.127	-9.8377
-50.265	-9.8645
-50.402	-9.8914
-50.540	-9.9183
-50.677	-9.9451
-50.815	-9.9687
-50.953	-9.9902
-51.090	-10.012
-51.228	-10.026
-51.365	-10.033
-49.952	-10.018
-49.073	-10.007
-48.989	-10.002
-48.904	-10.002
-48.820	-10.002
-48.736	-10.002
-48.651	-10.003
-48.567	-10.003
-48.482	-10.003
-48.398	-10.003
-48.314	-10.002
-48.229	-9.9890
-48.056	-9.9692
-47.817	-9.9443
-47.579	-9.9193
-47.340	-9.8944
-47.102	-9.8694
-46.863	-9.8445
-46.624	-9.8195
-46.386	-9.7946
-46.147	-9.7697
-45.908	-9.7447
-45.670	-9.7198
-45.431	-9.6948
-45.192	-9.6699
-44.954	-9.6449
-44.715	-9.6188
-44.476	-9.5919
-44.238	-9.5650
-43.999	-9.5381
-43.760	-9.5112
-43.522	-9.4844
-43.327	-9.4575
-43.192	-9.4306
-43.056	-9.4037
-42.920	-9.3768
-42.785	-9.3499
-42.649	-9.3231
-42.513	-9.2962
-42.378	-9.2693
-42.242	-9.2424
-42.106	-9.2155
-41.971	-9.1886
-41.835	-9.1617
-41.699	-9.1349
-41.564	-9.1080
-41.428	-9.0811
-41.292	-9.0542
-41.157	-9.0273
-41.021	-9.0004
-40.885	-8.9735
-40.750	-8.9467
-40.614	-8.9198
-40.478	-8.8929
-40.343	-8.8660
-40.207	-8.8391
-40.071	-8.8122
-39.936	-8.7854
-39.800	-8.7585
-39.664	-8.7316
-39.529	-8.7047
-39.393	-8.6778
-39.257	-8.6509
-39.122	-8.6240
-38.986	-8.5972
-38.850	-8.5703
-38.715	-8.5434
-38.579	-8.5165
-38.443	-8.4896
-38.308	-8.4627
-38.172	-8.4359
-38.036	-8.4090
-37.901	-8.3821
-37.765	-8.3552
-37.630	-8.3283
-37.494	-8.3014
-37.358	-8.2745
-37.223	-8.2477
-37.087	-8.2208
-36.951	-8.1939
-36.816	-8.1670
-36.680	-8.1401
-36.544	-8.1132
-36.409	-8.0863
-36.273	-8.0595
-36.137	-8.0326
-36.002	-8.0057
-35.866	-7.9788
-35.730	-7.9519
-35.595	-7.9250
-35.459	-7.8982
-35.323	-7.8713
-35.188	-7.8444
-35.052	-7.8175
-34.916	-7.7906
-34.781	-7.7637
-34.645	-7.7368
-34.509	-7.7100
-34.374	-7.6831
-34.238	-7.6562
-34.102	-7.6293
-33.967	-7.6024
-33.831	-7.5755
-33.695	-7.5487
-33.560	-7.5218
-33.424	-7.4949
-33.288	-7.4680
-33.153	-7.4411
-33.017	-7.4142
-32.881	-7.3873
-32.746	-7.3605
-32.610	-7.3336
-32.474	-7.3067
-32.339	-7.2798
-32.203	-7.2529
-32.067	-7.2260
-31.932	-7.1991
-31.796	-7.1723
-31.660	-7.1454
-31.525	-7.1185
-31.389	-7.0916
-31.253	-7.0647
-31.118	-7.0378
-30.982	-7.0110
-30.846	-6.9841
-30.711	-6.9572
-30.575	-6.9303
-30.439	-6.9034
-30.304	-6.8765
-30.168	-6.8496
-30.032	-6.8228
-29.897	-6.7959
-29.761	-6.7690
-29.625	-6.7421
-29.490	-6.7152
-29.354	-6.6883
-29.218	-6.6615
-29.083	-6.6346
-28.947	-6.6077
-28.811	-6.5808
-28.676	-6.5539
-28.540	-6.5270
-28.404	-6.5001
-28.269	-6.4733
-28.133	-6.4464
-27.997	-6.4195
-27.862	-6.3926
-27.726	-6.3657
-27.590	-6.3388
-27.455	-6.3119
-27.319	-6.2851
-27.183	-6.2582
-27.048	-6.2313
-26.912	-6.2044
-26.776	-6.1775
-26.641	-6.1506
-26.505	-6.1238
-26.369	-6.0969
-26.234	-6.0700
-26.098	-6.0431
-25.962	-6.0162
-25.827	-5.9893
-25.691	-5.9624
-25.555	-5.9356
-25.420	-5.9087
-25.284	-5.8818
-25.148	-5.8549
-25.013	-5.8280
-24.877	-5.8011
-24.741	-5.7743
-24.606	-5.7474
-24.470	-5.7205
-24.334	-5.6936
-24.199	-5.6667
-24.063	-5.6398
-23.927	-5.6129
-23.792	-5.5861
-23.656	-5.5592
-23.520	-5.5323
-23.385	-5.5054
-23.249	-5.4785
-23.113	-5.4516
-22.978	-5.4247
-22.842	-5.3979
-22.706	-5.3710
-22.571	-5.3441
-22.435	-5.3172
-22.299	-5.2903
-22.164	-5.2634
-22.028	-5.2366
-21.892	-5.2097
-21.757	-5.1828
-21.621	-5.1559
-21.485	-5.1290
-21.350	-5.1021
-21.214	-5.0752
-21.078	-5.0484
-20.943	-5.0215
-20.807	-4.9946
-20.671	-4.9677
-20.536	-4.9408
-20.400	-4.9139
-20.264	-4.8871
-20.129	-4.8602
-19.993	-4.8333
-19.857	-4.8064
-19.722	-4.7795
-19.586	-4.7526
-19.450	-4.7257
-19.315	-4.6989
-19.179	-4.6720
-19.043	-4.6451
-18.908	-4.6182
-18.772	-4.5913
-18.636	-4.5644
-18.501	-4.5375
-18.365	-4.5107
-18.229	-4.4838
-18.094	-4.4569
-17.958	-4.4300
-17.822	-4.4031
-17.687	-4.3762
-17.551	-4.3494
-17.415	-4.3225
-17.280	-4.2956
-17.144	-4.2687
-17.008	-4.2418
-16.873	-4.2149
-16.737	-4.1880
-16.601	-4.1612
-16.466	-4.1343
-16.330	-4.1074
-16.194	-4.0805
-16.059	-4.0536
-15.923	-4.0267
-15.787	-3.9999
-15.652	-3.9730
-15.516	-3.9461
-15.380	-3.9192
-15.245	-3.8923
-15.109	-3.8654
-14.973	-3.8385
-14.838	-3.8117
-14.702	-3.7848
-14.566	-3.7579
-14.431	-3.7310
-14.295	-3.7041
-14.159	-3.6772
-14.024	-3.6503
-13.888	-3.6235
-13.752	-3.5966
-13.617	-3.5697
-13.481	-3.5428
-13.345	-3.5159
-13.210	-3.4890
-13.074	-3.4622
-12.938	-3.4353
-12.803	-3.4084
-12.669	-3.3815
-12.540	-3.3546
-12.412	-3.3277
-12.284	-3.3008
-12.156	-3.2740
-12.027	-3.2471
-11.899	-3.2202
-11.771	-3.1933
-11.643	-3.1664
-11.515	-3.1395
-11.386	-3.1127
-11.258	-3.0858
-11.130	-3.0589
-11.002	-3.0320
-10.873	-3.0051
-10.745	-2.9782
-10.617	-2.9513
-10.489	-2.9245
-10.361	-2.8976
-10.232	-2.8707
-10.104	-2.8438
-9.9759	-2.8169
-9.8476	-2.7900
-9.7194	-2.7631
-9.5912	-2.7363
-9.4418	-2.7094
-9.2598	-2.6825
-9.0777	-2.6556
-8.8957	-2.6287
-8.7136	-2.6018
-8.5316	-2.5750
-8.3495	-2.5481
-8.1675	-2.5212
-7.9854	-2.4943
-7.8034	-2.4674
-7.6213	-2.4405
-7.4393	-2.4136
-7.2572	-2.3868
-7.0752	-2.3599
-6.9059	-2.3330
-6.7526	-2.3061
-6.5992	-2.2792
-6.4459	-2.2523
-6.2926	-2.2255
-6.1392	-2.1986
-5.9859	-2.1717
-5.8325	-2.1448
-5.6792	-2.1179
-5.5259	-2.0910
-5.3725	-2.0641
-5.2192	-2.0373
-5.0658	-2.0104
-4.9125	-1.9835
-4.7592	-1.9566
-4.6058	-1.9297
-4.4525	-1.9028
-4.2991	-1.8759
-4.1458	-1.8491
-4.0215	-1.8222
-3.9022	-1.7953
-3.7830	-1.7684
-3.6637	-1.7415
-3.5445	-1.7146
-3.4253	-1.6878
-3.3060	-1.6609
-3.1868	-1.6340
-3.0675	-1.6071
-2.9483	-1.5802
-2.8291	-1.5533
-2.7098	-1.5264
-2.5906	-1.4996
-2.4713	-1.4727
-2.3521	-1.4458
-2.2293	-1.4189
-2.1001	-1.3920
-1.9708	-1.3651
-1.8416	-1.3383
-1.7124	-1.3114
-1.5831	-1.2845
-1.4539	-1.2576
-1.3246	-1.2307
-1.1954	-1.2038
-1.0662	-1.1769
-0.93691	-1.1500
-0.80767	-1.1231
-0.67843	-1.0962
-0.54919	-1.0693
-0.41995	-1.0424
-0.29071	-1.0155
-0.16147	-0.98857
-0.032233	-0.96166
0.097007	-0.93475
0.22625	-0.90784
0.35549	-0.88093
0.48473	-0.85402
0.61397	-0.82711
0.74321	-0.80020
0.87245	-0.77329
1.0017	-0.74638
1.1309	-0.71947
1.2602	-0.69256
1.3894	-0.66565
1.5186	-0.63874
1.6479	-0.61184
1.7771	-0.58493
1.9064	-0.55802
2.0356	-0.53111
2.1648	-0.50420
2.2941	-0.47729
2.4233	-0.45038
2.5526	-0.42347
2.6818	-0.39656
2.8110	-0.36965
2.9403	-0.34274
3.0695	-0.31583
3.1988	-0.28892
3.3280	-0.26201
3.4572	-0.23510
3.5865	-0.20819
3.7157	-0.18128
3.8450	-0.15437
3.9742	-0.12746
4.1034	-0.10055
4.2327	-0.073638
4.3619	-0.046729
4.4912	-0.019819
4.6204	0.0070911
4.7496	0.034001
4.8789	0.060911
5.0157	0.087821
5.1584	0.11473
5.3010	0.14164
5.4437	0.16855
5.5863	0.19546
5.7290	0.22237
5.8716	0.24928
6.0143	0.27619
6.1569	0.30310
6.2995	0.33001
6.4422	0.35692
6.5848	0.38383
6.7275	0.41074
6.8701	0.43765
7.0128	0.46456
7.1554	0.49147
7.2981	0.51838
7.4407	0.54529
7.5834	0.57220
7.7260	0.59911
7.8686	0.62602
8.0113	0.65293
8.1539	0.67984
8.2966	0.70675
8.4392	0.73366
8.5819	0.76057
8.7245	0.78748
8.8672	0.81439
9.0098	0.84130
9.1525	0.86821
9.2951	0.89512
9.4377	0.92203
9.5804	0.94894
9.7230	0.97585
9.8657	1.0028
10.008	1.0297
10.151	1.0566
10.294	1.0835
10.436	1.1104
10.579	1.1373
10.719	1.1642
10.852	1.1911
10.986	1.2180
11.119	1.2449
11.253	1.2719
11.386	1.2988
11.520	1.3257
11.653	1.3526
11.787	1.3795
11.920	1.4064
12.054	1.4333
12.187	1.4602
12.321	1.4871
12.454	1.5140
12.588	1.5410
12.721	1.5679
12.854	1.5948
12.988	1.6217
13.121	1.6486
13.255	1.6755
13.388	1.7024
13.522	1.7293
13.655	1.7562
13.789	1.7831
13.922	1.8101
14.056	1.8370
14.189	1.8639
14.323	1.8908
14.456	1.9177
14.590	1.9446
14.723	1.9715
14.856	1.9984
14.990	2.0253
15.123	2.0522
15.257	2.0791
15.390	2.1061
15.524	2.1330
15.657	2.1599
15.791	2.1868
15.924	2.2137
16.058	2.2406
16.191	2.2675
16.325	2.2944
16.458	2.3213
16.592	2.3481
16.725	2.3750
16.858	2.4018
16.992	2.4287
17.125	2.4555
17.259	2.4824
17.392	2.5092
17.526	2.5361
17.659	2.5629
17.842	2.5898
18.057	2.6166
18.273	2.6434
18.489	2.6703
18.705	2.6971
18.921	2.7240
19.137	2.7508
19.353	2.7777
19.568	2.8045
19.755	2.8314
19.871	2.8582
19.988	2.8851
20.104	2.9119
20.221	2.9388
20.337	2.9656
20.454	2.9925
20.570	3.0193
20.687	3.0462
20.803	3.0730
20.920	3.0999
21.036	3.1267
21.152	3.1536
21.269	3.1804
21.385	3.2073
21.502	3.2341
21.618	3.2610
21.735	3.2878
21.851	3.3147
21.968	3.3415
22.084	3.3684
22.200	3.3952
22.317	3.4221
22.433	3.4489
22.550	3.4758
22.666	3.5026
22.783	3.5295
22.899	3.5563
23.016	3.5832
23.132	3.6100
23.249	3.6369
23.365	3.6637
23.481	3.6906
23.598	3.7174
23.714	3.7443
23.831	3.7711
23.947	3.7980
24.064	3.8248
24.180	3.8517
24.297	3.8785
24.413	3.9054
24.530	3.9322
24.655	3.9591
24.792	3.9859
24.929	4.0134
25.066	4.0409
25.203	4.0684
25.340	4.0960
25.478	4.1235
25.615	4.1510
25.752	4.1781
25.889	4.2049
26.026	4.2318
26.163	4.2587
26.300	4.2856
26.437	4.3124
26.574	4.3393
26.711	4.3662
26.848	4.3931
26.985	4.4199
27.122	4.4468
27.259	4.4737
27.402	4.5006
27.560	4.5274
27.717	4.5543
27.875	4.5812
28.032	4.6081
28.190	4.6349
28.348	4.6618
28.505	4.6887
28.663	4.7156
28.820	4.7424
28.978	4.7693
29.135	4.7962
29.293	4.8231
29.450	4.8499
29.608	4.8768
29.765	4.9037
29.923	4.9306
30.080	4.9574
30.238	4.9843
30.395	5.0112
30.553	5.0381
30.711	5.0649
30.868	5.0918
31.026	5.1187
31.183	5.1456
31.341	5.1724
31.498	5.1993
31.625	5.2262
31.751	5.2530
31.877	5.2799
32.002	5.3068
32.128	5.3337
32.254	5.3605
32.380	5.3874
32.506	5.4143
32.631	5.4412
32.757	5.4680
32.883	5.4949
33.009	5.5218
33.135	5.5487
33.260	5.5755
33.386	5.6024
33.512	5.6293
33.638	5.6562
33.764	5.6830
33.889	5.7099
34.015	5.7368
34.141	5.7637
34.267	5.7905
34.393	5.8174
34.518	5.8443
34.644	5.8712
34.770	5.8980
34.896	5.9249
35.022	5.9518
35.147	5.9787
35.273	6.0055
35.399	6.0324
35.525	6.0593
35.651	6.0862
35.776	6.1130
35.902	6.1399
36.028	6.1668
36.154	6.1937
36.279	6.2205
36.405	6.2474
36.531	6.2743
36.657	6.3012
36.783	6.3280
36.908	6.3549
37.034	6.3818
37.160	6.4087
37.286	6.4355
37.412	6.4624
37.537	6.4893
37.663	6.5162
37.789	6.5430
37.915	6.5699
38.136	6.5968
38.378	6.6237
38.619	6.6505
38.860	6.6774
39.101	6.7043
39.342	6.7312
39.584	6.7580
39.825	6.7849
40.066	6.8118
40.248	6.8387
40.377	6.8655
40.507	6.8924
40.636	6.9193
40.765	6.9462
40.895	6.9730
41.024	6.9999
41.154	7.0268
41.283	7.0509
41.412	7.0743
41.542	7.0976
41.671	7.1235
41.800	7.1514
41.930	7.1849
42.059	7.2159
42.188	7.2452
42.318	7.2719
42.447	7.2985
42.577	7.3252
42.706	7.3519
42.835	7.3786
42.965	7.4052
43.094	7.4319
43.223	7.4586
43.353	7.4853
43.482	7.5119
43.611	7.5386
43.741	7.5653
43.870	7.5919
44.000	7.6186
44.129	7.6453
44.258	7.6720
44.388	7.6986
44.517	7.7253
44.646	7.7520
44.776	7.7787
44.905	7.8053
45.034	7.8320
45.164	7.8587
45.293	7.8854
45.423	7.9120
45.552	7.9387
45.681	7.9654
45.811	7.9920
45.940	8.0187
46.069	8.0455
46.199	8.0724
46.328	8.0993
46.457	8.1262
46.587	8.1530
46.716	8.1799
46.846	8.2068
46.975	8.2337
47.104	8.2606
47.234	8.2875
47.363	8.3143
47.492	8.3412
47.622	8.3681
47.751	8.3950
47.950	8.4219
48.187	8.4488
48.425	8.4756
48.662	8.5025
48.899	8.5294
49.137	8.5563
49.374	8.5832
49.611	8.6100
49.848	8.6369
50.086	8.6638
50.323	8.6907
50.560	8.7176
50.797	8.7445
51.035	8.7713
51.272	8.7982
51.509	8.8251
51.747	8.8520
51.984	8.8789
52.221	8.9057
52.458	8.9326
52.696	8.9595
52.933	8.9864
53.170	9.0133
53.343	9.0402
53.421	9.0670
53.498	9.0939
53.575	9.1208
53.652	9.1477
53.730	9.1746
53.807	9.2015
53.884	9.2283
53.961	9.2552
54.039	9.2821
54.116	9.3090
54.193	9.3359
54.270	9.3627
54.348	9.3896
54.425	9.4165
54.502	9.4434
54.579	9.4703
54.657	9.4972
54.734	9.5240
54.811	9.5509
54.888	9.5778
54.966	9.6047
55.043	9.6316
55.120	9.6584
55.198	9.6853
55.275	9.7122
55.354	9.7391
55.468	9.7660
55.582	9.7929
55.697	9.8197
55.811	9.8466
55.925	9.8735
56.039	9.9004
56.153	9.9273
56.267	9.9542
56.381	9.9810
56.496	9.9974
56.415	10.004
55.603	9.9857
54.792	9.9534
53.980	9.9155
53.169	9.8909
52.358	9.8664
51.546	9.8418
50.735	9.8173
50.228	9.7927
50.076	9.7681
49.923	9.7436
49.771	9.7190
49.618	9.6945
49.465	9.6699
49.313	9.6448
49.160	9.6179
49.008	9.5910
48.855	9.5642
48.703	9.5373
48.550	9.5104
48.398	9.4835
48.245	9.4567
48.092	9.4298
47.940	9.4029
47.787	9.3761
47.635	9.3492
47.482	9.3223
47.330	9.2954
47.177	9.2686
47.024	9.2417
46.872	9.2148
46.719	9.1880
46.567	9.1611
46.414	9.1342
46.262	9.1074
46.109	9.0805
45.957	9.0536
45.804	9.0267
45.651	8.9999
45.499	8.9730
45.346	8.9461
45.194	8.9193
45.041	8.8924
44.889	8.8655
44.736	8.8386
44.583	8.8118
44.431	8.7849
44.278	8.7580
44.126	8.7312
43.973	8.7043
43.821	8.6774
43.668	8.6505
43.516	8.6237
43.363	8.5968
43.210	8.5699
43.058	8.5431
42.905	8.5162
42.753	8.4893
42.600	8.4625
42.448	8.4356
42.295	8.4087
42.142	8.3818
41.990	8.3550
41.837	8.3281
41.685	8.3012
41.532	8.2744
41.380	8.2475
41.227	8.2206
41.074	8.1937
40.922	8.1669
40.769	8.1400
40.617	8.1131
40.464	8.0863
40.312	8.0594
40.159	8.0325
40.007	8.0056
39.854	7.9788
39.701	7.9519
39.549	7.9250
39.396	7.8982
39.244	7.8713
39.091	7.8444
38.939	7.8176
38.786	7.7907
38.633	7.7638
38.481	7.7369
38.328	7.7101
38.176	7.6832
38.023	7.6563
37.871	7.6295
37.718	7.6026
37.566	7.5757
37.413	7.5488
37.260	7.5220
37.108	7.4951
36.955	7.4682
36.803	7.4414
36.650	7.4145
36.498	7.3876
36.345	7.3607
36.192	7.3339
36.040	7.3070
35.887	7.2801
35.735	7.2533
35.582	7.2264
35.430	7.1995
35.277	7.1727
35.125	7.1458
34.972	7.1189
34.819	7.0920
34.667	7.0652
34.514	7.0383
34.362	7.0114
34.209	6.9846
34.057	6.9577
33.904	6.9308
33.751	6.9039
33.599	6.8771
33.446	6.8502
33.294	6.8233
33.141	6.7965
32.989	6.7696
32.836	6.7427
32.683	6.7158
32.531	6.6890
32.378	6.6621
32.226	6.6352
32.073	6.6084
31.921	6.5815
31.768	6.5546
31.616	6.5278
31.463	6.5009
31.310	6.4740
31.158	6.4471
31.005	6.4203
30.853	6.3934
30.700	6.3665
30.548	6.3397
30.397	6.3128
30.253	6.2859
30.108	6.2590
29.964	6.2322
29.819	6.2053
29.674	6.1784
29.530	6.1516
29.385	6.1247
29.241	6.0978
29.096	6.0709
28.951	6.0441
28.807	6.0172
28.662	5.9903
28.517	5.9635
28.373	5.9366
28.228	5.9097
28.084	5.8829
27.939	5.8560
27.794	5.8291
27.650	5.8022
27.505	5.7754
27.361	5.7485
27.216	5.7216
27.071	5.6948
26.927	5.6679
26.782	5.6410
26.638	5.6141
26.493	5.5873
26.348	5.5604
26.204	5.5335
26.059	5.5067
25.914	5.4798
25.770	5.4529
25.625	5.4260
25.481	5.3992
25.336	5.3723
25.191	5.3454
25.047	5.3186
24.902	5.2917
24.758	5.2648
24.613	5.2380
24.468	5.2111
24.324	5.1842
24.179	5.1573
24.035	5.1305
23.890	5.1036
23.745	5.0767
23.601	5.0499
23.456	5.0230
23.312	4.9961
23.167	4.9692
23.022	4.9424
22.878	4.9155
22.733	4.8886
22.588	4.8618
22.444	4.8349
22.299	4.8080
22.155	4.7811
22.010	4.7543
21.865	4.7274
21.721	4.7005
21.576	4.6737
21.432	4.6468
21.287	4.6199
21.142	4.5931
20.998	4.5662
20.853	4.5393
20.709	4.5124
20.564	4.4856
20.419	4.4587
20.275	4.4318
20.130	4.4050
19.986	4.3781
19.841	4.3512
19.696	4.3243
19.552	4.2975
19.407	4.2706
19.262	4.2437
19.118	4.2169
18.973	4.1900
18.829	4.1631
18.684	4.1362
18.539	4.1094
18.395	4.0825
18.250	4.0556
18.106	4.0288
17.961	4.0019
17.816	3.9750
17.672	3.9482
17.527	3.9213
17.383	3.8944
17.238	3.8675
17.093	3.8407
16.949	3.8138
16.804	3.7869
16.659	3.7601
16.515	3.7332
16.370	3.7063
16.226	3.6794
16.081	3.6526
15.936	3.6257
15.792	3.5988
15.647	3.5720
15.503	3.5457
15.358	3.5195
15.213	3.4933
15.069	3.4670
14.924	3.4408
14.780	3.4146
14.635	3.3884
14.490	3.3619
14.346	3.3351
14.201	3.3082
14.057	3.2813
13.912	3.2544
13.767	3.2275
13.623	3.2006
13.478	3.1737
13.333	3.1469
13.189	3.1200
13.044	3.0931
12.900	3.0662
12.755	3.0393
12.610	3.0124
12.466	2.9855
12.321	2.9586
12.177	2.9318
12.033	2.9049
11.894	2.8780
11.754	2.8511
11.614	2.8242
11.475	2.7973
11.335	2.7704
11.195	2.7436
11.056	2.7167
10.916	2.6898
10.777	2.6629
10.637	2.6360
10.497	2.6091
10.358	2.5822
10.218	2.5553
10.079	2.5285
9.9390	2.5016
9.7994	2.4747
9.6598	2.4478
9.5201	2.4209
9.3805	2.3940
9.2409	2.3671
9.1013	2.3403
8.9617	2.3134
8.8221	2.2865
8.6825	2.2596
8.5429	2.2327
8.4033	2.2058
8.2637	2.1789
8.1240	2.1521
7.9844	2.1252
7.8448	2.0983
7.7052	2.0714
7.5656	2.0445
7.4260	2.0176
7.2864	1.9907
7.1468	1.9638
7.0072	1.9370
6.8675	1.9101
6.7279	1.8832
6.6355	1.8563
6.5927	1.8294
6.5500	1.8025
6.5073	1.7756
6.4645	1.7488
6.4218	1.7219
6.3328	1.6950
6.1296	1.6681
5.9265	1.6412
5.7233	1.6143
5.5202	1.5874
5.3170	1.5606
5.1139	1.5337
4.9107	1.5068
4.7076	1.4799
4.5044	1.4530
4.3012	1.4261
4.0981	1.3992
3.8949	1.3724
3.6918	1.3455
3.4886	1.3186
3.2855	1.2917
3.1344	1.2648
2.9969	1.2379
2.8595	1.2110
2.7220	1.1842
2.5845	1.1573
2.4471	1.1304
2.3096	1.1035
2.1722	1.0766
2.0347	1.0497
1.8972	1.0228
1.7598	0.99595
1.6223	0.96906
1.4849	0.94218
1.3474	0.91529
1.2099	0.88841
1.0725	0.86152
0.93502	0.83463
0.79756	0.80775
0.66010	0.78086
0.52264	0.75398
0.38518	0.72709
0.24772	0.70020
0.11026	0.67332
-0.027198	0.64643
-0.16466	0.61955
-0.30212	0.59266
-0.43958	0.56577
-0.57704	0.53889
-0.71450	0.51200
-0.85196	0.48512
-0.98941	0.45823
-1.1269	0.43134
-1.2643	0.40446
-1.4018	0.37757
-1.5393	0.35069
-1.6767	0.32380
-1.8142	0.29691
-1.9516	0.27003
-2.0891	0.24314
-2.2266	0.21626
-2.3640	0.18937
-2.5015	0.16248
-2.6389	0.13560
-2.7764	0.10871
-2.9138	0.081826
-3.0513	0.054940
-3.1888	0.028054
-3.3262	0.0011675
-3.4637	-0.025718
-3.6011	-0.052604
-3.7386	-0.079490
-3.8761	-0.10638
-4.0135	-0.13326
-4.1510	-0.16015
-4.2884	-0.18703
-4.4259	-0.21392
-4.5634	-0.24081
-4.7008	-0.26769
-4.8383	-0.29458
-4.9757	-0.32146
-5.1132	-0.34835
-5.2507	-0.37524
-5.3881	-0.40212
-5.5256	-0.42901
-5.6630	-0.45589
-5.8005	-0.48278
-5.9380	-0.50967
-6.0754	-0.53655
-6.2129	-0.56344
-6.3503	-0.59032
-6.4878	-0.61721
-6.6253	-0.64410
-6.7627	-0.67098
-6.9002	-0.69787
-7.0376	-0.72475
-7.1751	-0.75164
-7.3126	-0.77853
-7.4500	-0.80541
-7.5875	-0.83230
-7.7249	-0.85918
-7.8624	-0.88607
-7.9999	-0.91296
-8.1373	-0.93984
-8.2748	-0.96673
-8.4122	-0.99361
-8.5497	-1.0205
-8.6871	-1.0474
-8.8246	-1.0743
-8.9621	-1.1012
-9.0995	-1.1280
-9.2370	-1.1549
-9.3744	-1.1818
-9.5119	-1.2087
-9.6494	-1.2356
-9.7868	-1.2625
-9.9243	-1.2894
-10.062	-1.3162
-10.199	-1.3431
-10.337	-1.3700
-10.474	-1.3969
-10.612	-1.4238
-10.749	-1.4507
-10.887	-1.4776
-11.024	-1.5044
-11.161	-1.5313
-11.299	-1.5582
-11.436	-1.5851
-11.574	-1.6120
-11.711	-1.6389
-11.849	-1.6658
-11.986	-1.6927
-12.124	-1.7195
-12.261	-1.7464
-12.399	-1.7733
-12.536	-1.8002
-12.673	-1.8271
-12.811	-1.8540
-12.948	-1.8809
-13.086	-1.9077
-13.223	-1.9346
-13.361	-1.9615
-13.498	-1.9884
-13.636	-2.0153
-13.773	-2.0422
-13.911	-2.0691
-14.048	-2.0959
-14.186	-2.1228
-14.323	-2.1497
-14.460	-2.1766
-14.598	-2.2035
-14.735	-2.2304
-14.873	-2.2573
-15.010	-2.2841
-15.148	-2.3110
-15.285	-2.3379
-15.423	-2.3648
-15.560	-2.3917
-15.698	-2.4186
-15.835	-2.4455
-15.973	-2.4723
-16.110	-2.4992
-16.247	-2.5261
-16.385	-2.5530
-16.522	-2.5799
-16.660	-2.6068
-16.797	-2.6337
-16.935	-2.6605
-17.072	-2.6874
-17.210	-2.7143
-17.367	-2.7412
-17.524	-2.7681
-17.681	-2.7950
-17.838	-2.8219
-17.996	-2.8487
-18.153	-2.8756
-18.310	-2.9025
-18.467	-2.9294
-18.624	-2.9563
-18.781	-2.9832
-18.938	-3.0101
-19.095	-3.0370
-19.242	-3.0638
-19.383	-3.0907
-19.523	-3.1176
-19.664	-3.1445
-19.805	-3.1714
-19.946	-3.1983
-20.087	-3.2252
-20.228	-3.2520
-20.368	-3.2789
-20.509	-3.3058
-20.650	-3.3327
-20.791	-3.3596
-20.932	-3.3865
-21.073	-3.4134
-21.213	-3.4402
-21.354	-3.4671
-21.495	-3.4940
-21.636	-3.5209
-21.777	-3.5478
-21.918	-3.5747
-22.058	-3.6016
-22.199	-3.6284
-22.340	-3.6553
-22.481	-3.6823
-22.622	-3.7092
-22.763	-3.7361
-22.900	-3.7630
-23.031	-3.7899
-23.161	-3.8168
-23.292	-3.8437
-23.423	-3.8706
-23.553	-3.8975
-23.684	-3.9244
-23.814	-3.9513
-23.945	-3.9782
-24.075	-4.0051
-24.206	-4.0320
-24.336	-4.0590
-24.467	-4.0859
-24.597	-4.1128
-24.728	-4.1397
-24.858	-4.1666
-24.989	-4.1935
-25.119	-4.2204
-25.250	-4.2473
-25.380	-4.2742
-25.511	-4.3011
-25.642	-4.3280
-25.772	-4.3549
-25.903	-4.3818
-26.033	-4.4087
-26.164	-4.4356
-26.294	-4.4626
-26.425	-4.4895
-26.555	-4.5164
-26.686	-4.5433
-26.816	-4.5702
-26.947	-4.5971
-27.080	-4.6240
-27.213	-4.6509
-27.345	-4.6778
-27.478	-4.7047
-27.610	-4.7316
-27.743	-4.7585
-27.875	-4.7854
-28.008	-4.8123
-28.140	-4.8393
-28.273	-4.8662
-28.405	-4.8931
-28.538	-4.9200
-28.671	-4.9469
-28.803	-4.9738
-28.936	-5.0007
-29.068	-5.0276
-29.102	-5.0545
-28.841	-5.0814
-29.029	-5.1083
-29.406	-5.1352
-29.784	-5.1621
-30.161	-5.1890
-30.526	-5.2159
-30.663	-5.2429
-30.799	-5.2698
-30.936	-5.2967
-31.073	-5.3236
-31.209	-5.3505
-31.346	-5.3774
-31.482	-5.4043
-31.619	-5.4312
-31.755	-5.4581
-31.892	-5.4850
-32.028	-5.5119
-32.165	-5.5388
-32.302	-5.5657
-32.438	-5.5926
-32.575	-5.6196
-32.711	-5.6465
-32.848	-5.6734
-32.984	-5.7003
-33.121	-5.7272
-33.258	-5.7541
-33.394	-5.7810
-33.531	-5.8079
-33.667	-5.8348
-33.804	-5.8617
-33.940	-5.8886
-34.077	-5.9155
-34.213	-5.9424
-34.350	-5.9693
-34.487	-5.9963
-34.623	-6.0232
-34.760	-6.0500
-34.896	-6.0766
-35.033	-6.1032
-35.169	-6.1297
-35.306	-6.1563
-35.442	-6.1829
-35.579	-6.2094
-35.716	-6.2360
-35.852	-6.2626
-35.989	-6.2891
-36.125	-6.3157
-36.262	-6.3423
-36.398	-6.3692
-36.535	-6.3961
-36.671	-6.4230
-36.808	-6.4498
-36.945	-6.4767
-37.081	-6.5036
-37.218	-6.5305
-37.354	-6.5573
-37.491	-6.5842
-37.627	-6.6111
-37.764	-6.6380
-37.901	-6.6648
-38.037	-6.6917
-38.174	-6.7186
-38.310	-6.7455
-38.447	-6.7723
-38.583	-6.7992
-38.720	-6.8261
-38.856	-6.8530
-38.993	-6.8798
-39.130	-6.9067
-39.266	-6.9336
-39.403	-6.9605
-39.539	-6.9873
-39.676	-7.0142
-39.812	-7.0411
-39.949	-7.0680
-40.085	-7.0948
-40.222	-7.1217
-40.359	-7.1486
-40.495	-7.1755
-40.632	-7.2023
-40.768	-7.2292
-40.905	-7.2561
-41.041	-7.2830
-41.178	-7.3098
-41.314	-7.3367
-41.451	-7.3636
-41.588	-7.3905
-41.724	-7.4173
-41.861	-7.4442
-41.997	-7.4711
-42.134	-7.4980
-42.270	-7.5248
-42.407	-7.5517
-42.544	-7.5786
-42.680	-7.6055
-42.817	-7.6323
-42.953	-7.6592
-43.090	-7.6861
-43.226	-7.7130
-43.363	-7.7398
-43.503	-7.7667
-43.645	-7.7936
-43.788	-7.8205
-43.931	-7.8473
-44.074	-7.8742
-44.216	-7.9011
-44.359	-7.9280
-44.502	-7.9548
-44.645	-7.9817
-44.787	-8.0086
-44.930	-8.0355
-45.073	-8.0623
-45.216	-8.0892
-45.358	-8.1161
-45.501	-8.1430
-45.644	-8.1698
-45.787	-8.1967
-45.929	-8.2236
-46.072	-8.2505
-46.215	-8.2773
-46.358	-8.3042
-46.500	-8.3311
-46.643	-8.3580
-46.786	-8.3849
-46.929	-8.4118
-47.071	-8.4387
-47.214	-8.4656
-47.357	-8.4925
-47.500	-8.5195
-47.642	-8.5464
-47.785	-8.5733
-47.928	-8.6002
-48.071	-8.6271
-48.213	-8.6540
-48.356	-8.6809
-48.499	-8.7078
-48.642	-8.7348
-48.784	-8.7617
-48.927	-8.7886
-49.070	-8.8155
-49.213	-8.8424
-49.355	-8.8693
-49.498	-8.8962
-49.641	-8.9231
-49.784	-8.9501
-49.926	-8.9770
-50.069	-9.0039
-50.212	-9.0308
-50.355	-9.0577
-50.497	-9.0846
-50.640	-9.1115
-50.783	-9.1384
-50.925	-9.1654
-51.068	-9.1923
-51.211	-9.2192
-51.354	-9.2461
-51.496	-9.2730
-51.639	-9.2999
-51.782	-9.3268
-51.925	-9.3537
-52.067	-9.3806
-52.210	-9.4076
-52.353	-9.4345
-52.496	-9.4614
-52.638	-9.4883
-52.781	-9.5152
-52.924	-9.5421
-53.067	-9.5690
-53.209	-9.5959
-53.352	-9.6229
-53.495	-9.6498
-53.638	-9.6767
-53.780	-9.7036
-53.923	-9.7305
-54.066	-9.7574
-54.209	-9.7843
-54.351	-9.8112
-54.494	-9.8382
-54.637	-9.8651
-54.780	-9.8920
-54.922	-9.9189
-55.065	-9.9458
-55.208	-9.9727
-55.351	-9.9996
-55.493	-10.006
-55.022	-9.9994
-53.101	-9.9697
-50.536	-9.9359
-48.201	-9.9032
-47.666	-9.8800
-47.131	-9.8569
-46.596	-9.8337
-46.061	-9.8105
-45.813	-9.7860
-45.801	-9.7604
