Load (N)	Extension (mm)
	
	
	
	
5.1131	
5.1154	0.055847
5.1176	0.055847
5.1198	0.055847
5.1220	0.055847
5.1242	0.055847
5.1265	0.055847
5.1287	0.055847
5.1309	0.055847
5.1331	0.055847
5.1353	0.055847
5.1375	0.055847
5.1398	0.055847
5.1420	0.055847
5.1442	0.055847
5.1464	0.055847
5.1486	0.055847
5.1509	0.055847
5.1531	0.055847
5.1553	0.055847
5.1575	0.055847
5.1597	0.055847
5.1620	0.055847
5.1642	0.055847
5.1664	0.055847
5.1686	0.055847
5.1708	0.055847
5.1731	0.055847
5.1753	0.055847
5.1775	0.055847
5.1797	0.055847
5.1819	0.055847
5.1841	0.048287
4.7452	0.032956
3.6281	0.0058456
3.0033	-0.021265
2.4995	-0.039266
1.9957	-0.023203
3.0132	-0.0018869
4.9109	0.021748
4.9109	0.013695
4.5537	0.0088206
3.7351	0.0080536
4.6187	0.024294
5.5919	0.040165
5.9068	0.045726
5.3884	0.044309
4.4991	0.039668
4.3432	0.039604
4.1872	0.039541
4.0313	0.039477
3.8754	0.039413
3.7195	0.036706
3.5636	0.027694
3.4077	0.0095046
3.2363	-0.013063
2.9423	-0.039716
2.6483	-0.063872
2.3544	-0.085731
2.0604	-0.10759
1.7664	-0.13054
1.4725	-0.15562
1.1785	-0.18069
0.88452	-0.20577
0.59056	-0.23085
0.29659	-0.25621
0.0026214	-0.28179
-0.29135	-0.30736
-0.58531	-0.33294
-0.87928	-0.35852
-1.1732	-0.38467
-1.4364	-0.41098
-1.5739	-0.43729
-1.7114	-0.46360
-1.8488	-0.48991
-1.9863	-0.51622
-2.1238	-0.54253
-2.2612	-0.56884
-2.3987	-0.59515
-2.5362	-0.62145
-2.6736	-0.64776
-2.8111	-0.67407
-2.9486	-0.70038
-3.0860	-0.72669
-3.2235	-0.75303
-3.3609	-0.77940
-3.4984	-0.80577
-3.6359	-0.83214
-3.7733	-0.85851
-3.9108	-0.88488
-4.0483	-0.91125
-4.1857	-0.93762
-4.3232	-0.96399
-4.4607	-0.99037
-4.5981	-1.0167
-4.7356	-1.0431
-4.8731	-1.0695
-5.0105	-1.0958
-5.1480	-1.1222
-5.2855	-1.1483
-5.4229	-1.1744
-5.5604	-1.2005
-5.6979	-1.2266
-5.8353	-1.2530
-5.9728	-1.2797
-6.1102	-1.3065
-6.2477	-1.3333
-6.3852	-1.3600
-6.5226	-1.3865
-6.6601	-1.4128
-6.7976	-1.4391
-6.9350	-1.4655
-7.0725	-1.4918
-7.2100	-1.5181
-7.3474	-1.5444
-7.4849	-1.5707
-7.6224	-1.5971
-7.7598	-1.6234
-7.8973	-1.6499
-8.0348	-1.6764
-8.1722	-1.7029
-8.3097	-1.7294
-8.4471	-1.7559
-8.5846	-1.7824
-8.7221	-1.8090
-8.8595	-1.8354
-8.9970	-1.8614
-9.1345	-1.8873
-9.2719	-1.9133
-9.4094	-1.9393
-9.5469	-1.9653
-9.6843	-1.9915
-9.8218	-2.0178
-9.9593	-2.0440
-10.097	-2.0703
-10.234	-2.0965
-10.372	-2.1227
-10.509	-2.1490
-10.647	-2.1752
-10.784	-2.2015
-10.922	-2.2277
-11.059	-2.2539
-11.196	-2.2802
-11.334	-2.3064
-11.471	-2.3327
-11.609	-2.3589
-11.746	-2.3851
-11.884	-2.4114
-12.021	-2.4376
-12.159	-2.4639
-12.296	-2.4901
-12.434	-2.5163
-12.571	-2.5426
-12.709	-2.5688
-12.846	-2.5951
-12.983	-2.6213
-13.121	-2.6475
-13.258	-2.6738
-13.396	-2.7000
-13.533	-2.7263
-13.671	-2.7525
-13.808	-2.7787
-13.946	-2.8050
-14.083	-2.8312
-14.221	-2.8574
-14.358	-2.8837
-14.496	-2.9099
-14.633	-2.9362
-14.771	-2.9624
-14.908	-2.9886
-15.045	-3.0149
-15.183	-3.0411
-15.320	-3.0674
-15.458	-3.0936
-15.595	-3.1198
-15.733	-3.1461
-15.870	-3.1723
-16.008	-3.1986
-16.145	-3.2248
-16.283	-3.2510
-16.420	-3.2773
-16.558	-3.3035
-16.695	-3.3297
-16.833	-3.3560
-16.970	-3.3822
-17.107	-3.4085
-17.245	-3.4347
-17.382	-3.4609
-17.520	-3.4872
-17.657	-3.5134
-17.795	-3.5397
-17.932	-3.5659
-18.070	-3.5921
-18.207	-3.6184
-18.345	-3.6446
-18.482	-3.6709
-18.620	-3.6971
-18.757	-3.7233
-18.894	-3.7496
-19.032	-3.7758
-19.169	-3.8021
-19.307	-3.8283
-19.444	-3.8545
-19.582	-3.8808
-19.719	-3.9070
-19.857	-3.9332
-19.994	-3.9595
-20.132	-3.9857
-20.269	-4.0120
-20.407	-4.0382
-20.544	-4.0644
-20.682	-4.0907
-20.819	-4.1168
-20.956	-4.1430
-21.094	-4.1692
-21.231	-4.1953
-21.369	-4.2215
-21.506	-4.2477
-21.644	-4.2738
-21.781	-4.3000
-21.919	-4.3261
-22.056	-4.3523
-22.194	-4.3785
-22.331	-4.4046
-22.469	-4.4308
-22.606	-4.4570
-22.744	-4.4831
-22.881	-4.5093
-23.018	-4.5354
-23.156	-4.5616
-23.293	-4.5878
-23.431	-4.6139
-23.568	-4.6401
-23.706	-4.6663
-23.843	-4.6924
-23.981	-4.7186
-24.118	-4.7447
-24.256	-4.7709
-24.393	-4.7971
-24.531	-4.8232
-24.668	-4.8494
-24.805	-4.8756
-24.943	-4.9017
-25.080	-4.9279
-25.218	-4.9541
-25.355	-4.9802
-25.493	-5.0064
-25.630	-5.0325
-25.768	-5.0587
-25.905	-5.0849
-26.043	-5.1110
-26.180	-5.1372
-26.318	-5.1634
-26.455	-5.1895
-26.593	-5.2157
-26.730	-5.2418
-26.867	-5.2680
-27.005	-5.2942
-27.142	-5.3203
-27.280	-5.3465
-27.417	-5.3727
-27.555	-5.3988
-27.692	-5.4250
-27.830	-5.4512
-27.967	-5.4773
-28.105	-5.5035
-28.242	-5.5296
-28.380	-5.5558
-28.517	-5.5820
-28.654	-5.6081
-28.792	-5.6343
-28.929	-5.6605
-29.067	-5.6866
-29.204	-5.7128
-29.342	-5.7389
-29.479	-5.7651
-29.617	-5.7913
-29.754	-5.8174
-29.892	-5.8436
-30.029	-5.8698
-30.167	-5.8959
-30.304	-5.9221
-30.442	-5.9483
-30.579	-5.9744
-30.716	-6.0006
-30.854	-6.0267
-30.991	-6.0529
-31.129	-6.0791
-31.266	-6.1052
-31.404	-6.1314
-31.541	-6.1576
-31.679	-6.1837
-31.816	-6.2099
-31.954	-6.2360
-32.091	-6.2622
-32.229	-6.2884
-32.366	-6.3145
-32.504	-6.3407
-32.641	-6.3669
-32.778	-6.3930
-32.916	-6.4192
-33.053	-6.4453
-33.191	-6.4715
-33.328	-6.4977
-33.466	-6.5238
-33.603	-6.5500
-33.741	-6.5762
-33.878	-6.6023
-34.016	-6.6285
-34.153	-6.6547
-34.291	-6.6808
-34.428	-6.7070
-34.565	-6.7331
-34.703	-6.7593
-34.840	-6.7855
-34.978	-6.8116
-35.115	-6.8378
-35.253	-6.8640
-35.390	-6.8901
-35.528	-6.9163
-35.665	-6.9424
-35.803	-6.9686
-35.940	-6.9948
-36.078	-7.0209
-36.215	-7.0471
-36.353	-7.0733
-36.490	-7.0994
-36.627	-7.1256
-36.765	-7.1518
-36.902	-7.1779
-37.040	-7.2041
-37.177	-7.2302
-37.315	-7.2564
-37.452	-7.2826
-37.590	-7.3087
-37.727	-7.3349
-37.865	-7.3611
-38.002	-7.3872
-38.140	-7.4134
-38.277	-7.4395
-38.415	-7.4657
-38.552	-7.4919
-38.689	-7.5180
-38.827	-7.5442
-38.964	-7.5704
-39.102	-7.5965
-39.239	-7.6227
-39.377	-7.6488
-39.514	-7.6750
-39.652	-7.7012
-39.789	-7.7273
-39.927	-7.7535
-40.064	-7.7797
-40.202	-7.8058
-40.339	-7.8320
-40.476	-7.8581
-40.614	-7.8843
-40.751	-7.9105
-40.889	-7.9366
-41.026	-7.9628
-41.164	-7.9890
-41.301	-8.0151
-41.439	-8.0413
-41.576	-8.0674
-41.714	-8.0936
-41.851	-8.1198
-41.989	-8.1459
-42.126	-8.1721
-42.264	-8.1983
-42.401	-8.2244
-42.538	-8.2506
-42.676	-8.2767
-42.813	-8.3029
-42.951	-8.3291
-43.088	-8.3552
-43.226	-8.3814
-43.363	-8.4075
-43.501	-8.4337
-43.638	-8.4599
-43.776	-8.4860
-43.913	-8.5122
-44.051	-8.5384
-44.188	-8.5645
-44.326	-8.5907
-44.463	-8.6168
-44.600	-8.6430
-44.738	-8.6692
-44.875	-8.6953
-45.013	-8.7215
-45.150	-8.7477
-45.288	-8.7738
-45.425	-8.8000
-45.563	-8.8261
-45.700	-8.8523
-45.838	-8.8785
-45.975	-8.9046
-46.113	-8.9308
-46.250	-8.9570
-46.387	-8.9831
-46.525	-9.0093
-46.662	-9.0354
-46.800	-9.0616
-46.937	-9.0878
-47.075	-9.1139
-47.212	-9.1401
-47.350	-9.1662
-47.487	-9.1924
-47.625	-9.2186
-47.762	-9.2447
-47.900	-9.2708
-48.037	-9.2969
-48.175	-9.3230
-48.312	-9.3491
-48.449	-9.3752
-48.587	-9.4013
-48.724	-9.4274
-48.862	-9.4535
-48.999	-9.4796
-49.137	-9.5057
-49.274	-9.5318
-49.412	-9.5579
-49.549	-9.5840
-49.687	-9.6101
-49.824	-9.6362
-49.962	-9.6622
-50.099	-9.6883
-50.236	-9.7144
-50.374	-9.7405
-50.511	-9.7666
-50.649	-9.7927
-50.786	-9.8188
-50.924	-9.8449
-51.061	-9.8710
-51.199	-9.8971
-51.336	-9.9232
-51.474	-9.9493
-51.611	-9.9713
-51.749	-9.9918
-51.886	-10.012
-51.937	-10.024
-51.916	-10.029
-49.691	-10.015
-47.841	-10.004
-46.833	-10.001
-47.084	-10.001
-47.706	-10.002
-48.329	-10.002
-48.525	-10.003
-48.422	-10.004
-48.320	-10.004
-48.217	-10.003
-48.115	-9.9998
-48.012	-9.9896
-47.537	-9.9753
-45.757	-9.9523
-44.958	-9.9292
-44.733	-9.9062
-44.508	-9.8831
-44.282	-9.8600
-44.057	-9.8370
-43.832	-9.8139
-43.607	-9.7900
-43.382	-9.7639
-43.157	-9.7377
-42.931	-9.7115
-42.706	-9.6853
-42.481	-9.6592
-42.256	-9.6330
-42.031	-9.6068
-41.806	-9.5806
-41.580	-9.5545
-41.355	-9.5283
-41.130	-9.5021
-40.905	-9.4759
-40.680	-9.4498
-40.455	-9.4236
-40.229	-9.3974
-40.004	-9.3712
-39.779	-9.3450
-39.554	-9.3189
-39.329	-9.2927
-39.104	-9.2665
-38.878	-9.2403
-38.653	-9.2142
-38.428	-9.1880
-38.203	-9.1618
-37.978	-9.1356
-37.753	-9.1095
-37.548	-9.0833
-37.420	-9.0571
-37.292	-9.0309
-37.163	-9.0048
-37.035	-8.9786
-36.907	-8.9524
-36.779	-8.9262
-36.651	-8.9000
-36.523	-8.8739
-36.395	-8.8477
-36.267	-8.8215
-36.139	-8.7953
-36.011	-8.7692
-35.883	-8.7430
-35.755	-8.7168
-35.627	-8.6906
-35.499	-8.6645
-35.371	-8.6383
-35.243	-8.6121
-35.115	-8.5859
-34.987	-8.5598
-34.859	-8.5336
-34.731	-8.5074
-34.603	-8.4812
-34.475	-8.4550
-34.347	-8.4289
-34.219	-8.4027
-34.091	-8.3765
-33.963	-8.3503
-33.835	-8.3242
-33.707	-8.2980
-33.579	-8.2718
-33.451	-8.2456
-33.323	-8.2195
-33.195	-8.1933
-33.067	-8.1671
-32.939	-8.1409
-32.811	-8.1148
-32.683	-8.0886
-32.555	-8.0624
-32.427	-8.0362
-32.299	-8.0100
-32.171	-7.9839
-32.043	-7.9577
-31.915	-7.9315
-31.787	-7.9053
-31.659	-7.8792
-31.531	-7.8530
-31.403	-7.8268
-31.275	-7.8006
-31.147	-7.7745
-31.019	-7.7483
-30.891	-7.7221
-30.763	-7.6959
-30.635	-7.6698
-30.507	-7.6436
-30.379	-7.6174
-30.251	-7.5912
-30.123	-7.5650
-29.995	-7.5389
-29.867	-7.5127
-29.739	-7.4865
-29.611	-7.4603
-29.483	-7.4342
-29.355	-7.4080
-29.227	-7.3818
-29.099	-7.3556
-28.971	-7.3295
-28.843	-7.3033
-28.715	-7.2771
-28.587	-7.2509
-28.459	-7.2248
-28.331	-7.1986
-28.203	-7.1724
-28.075	-7.1462
-27.947	-7.1200
-27.819	-7.0939
-27.691	-7.0677
-27.563	-7.0415
-27.435	-7.0153
-27.307	-6.9892
-27.179	-6.9630
-27.051	-6.9368
-26.923	-6.9106
-26.795	-6.8845
-26.667	-6.8583
-26.539	-6.8321
-26.411	-6.8059
-26.283	-6.7798
-26.155	-6.7536
-26.027	-6.7274
-25.899	-6.7012
-25.771	-6.6750
-25.643	-6.6489
-25.515	-6.6227
-25.387	-6.5965
-25.259	-6.5703
-25.131	-6.5442
-25.003	-6.5180
-24.875	-6.4918
-24.747	-6.4656
-24.619	-6.4395
-24.491	-6.4133
-24.363	-6.3871
-24.235	-6.3609
-24.107	-6.3348
-23.979	-6.3086
-23.850	-6.2824
-23.722	-6.2562
-23.594	-6.2300
-23.466	-6.2039
-23.338	-6.1777
-23.210	-6.1515
-23.082	-6.1253
-22.954	-6.0992
-22.826	-6.0730
-22.698	-6.0468
-22.570	-6.0206
-22.442	-5.9945
-22.314	-5.9683
-22.186	-5.9421
-22.058	-5.9159
-21.930	-5.8898
-21.802	-5.8636
-21.674	-5.8374
-21.546	-5.8112
-21.418	-5.7850
-21.290	-5.7589
-21.162	-5.7327
-21.034	-5.7065
-20.906	-5.6803
-20.778	-5.6542
-20.650	-5.6280
-20.522	-5.6018
-20.394	-5.5756
-20.266	-5.5495
-20.151	-5.5233
-20.036	-5.4971
-19.921	-5.4709
-19.807	-5.4448
-19.692	-5.4186
-19.578	-5.3924
-19.463	-5.3662
-19.348	-5.3400
-19.234	-5.3139
-19.119	-5.2877
-19.005	-5.2615
-18.890	-5.2353
-18.775	-5.2092
-18.661	-5.1830
-18.546	-5.1568
-18.432	-5.1306
-18.317	-5.1045
-18.203	-5.0783
-18.088	-5.0521
-17.973	-5.0259
-17.859	-4.9998
-17.744	-4.9736
-17.630	-4.9474
-17.515	-4.9212
-17.400	-4.8950
-17.286	-4.8689
-17.171	-4.8427
-17.057	-4.8165
-16.938	-4.7903
-16.807	-4.7642
-16.677	-4.7380
-16.547	-4.7118
-16.417	-4.6856
-16.286	-4.6595
-16.156	-4.6333
-16.026	-4.6071
-15.895	-4.5809
-15.765	-4.5548
-15.635	-4.5286
-15.505	-4.5024
-15.374	-4.4762
-15.244	-4.4500
-15.114	-4.4239
-14.984	-4.3977
-14.853	-4.3715
-14.723	-4.3453
-14.593	-4.3192
-14.462	-4.2930
-14.332	-4.2668
-14.202	-4.2406
-14.072	-4.2145
-13.941	-4.1883
-13.811	-4.1621
-13.681	-4.1359
-13.551	-4.1098
-13.420	-4.0836
-13.290	-4.0574
-13.160	-4.0312
-13.029	-4.0050
-12.899	-3.9789
-12.769	-3.9527
-12.639	-3.9265
-12.508	-3.9003
-12.378	-3.8742
-12.248	-3.8480
-12.117	-3.8218
-11.987	-3.7956
-11.857	-3.7695
-11.727	-3.7433
-11.596	-3.7171
-11.466	-3.6909
-11.336	-3.6648
-11.206	-3.6386
-11.075	-3.6124
-10.945	-3.5862
-10.815	-3.5600
-10.684	-3.5339
-10.554	-3.5077
-10.424	-3.4815
-10.294	-3.4553
-10.163	-3.4292
-10.033	-3.4030
-9.9028	-3.3768
-9.7725	-3.3506
-9.6423	-3.3245
-9.5120	-3.2983
-9.3817	-3.2721
-9.2514	-3.2459
-9.1212	-3.2198
-8.9909	-3.1936
-8.8606	-3.1674
-8.7303	-3.1412
-8.6001	-3.1150
-8.4698	-3.0889
-8.3395	-3.0627
-8.2093	-3.0365
-8.0790	-3.0103
-7.9487	-2.9842
-7.8184	-2.9580
-7.6882	-2.9321
-7.5579	-2.9061
-7.4276	-2.8802
-7.2973	-2.8542
-7.1671	-2.8282
-7.0368	-2.8023
-6.9065	-2.7763
-6.7762	-2.7503
-6.6460	-2.7244
-6.5157	-2.6982
-6.3854	-2.6721
-6.2551	-2.6459
-6.1249	-2.6197
-5.9946	-2.5935
-5.8679	-2.5673
-5.7414	-2.5411
-5.6150	-2.5149
-5.4886	-2.4887
-5.3622	-2.4625
-5.2357	-2.4364
-5.1093	-2.4102
-4.9829	-2.3840
-4.8565	-2.3578
-4.7300	-2.3316
-4.6036	-2.3054
-4.4772	-2.2792
-4.3508	-2.2530
-4.2243	-2.2268
-4.0979	-2.2006
-3.9715	-2.1745
-3.8451	-2.1483
-3.7186	-2.1221
-3.5922	-2.0959
-3.4658	-2.0697
-3.3394	-2.0435
-3.2129	-2.0173
-3.0865	-1.9911
-2.9601	-1.9649
-2.8337	-1.9388
-2.7072	-1.9126
-2.5808	-1.8864
-2.4544	-1.8602
-2.3279	-1.8340
-2.2015	-1.8078
-2.0751	-1.7816
-1.9487	-1.7554
-1.8222	-1.7292
-1.6958	-1.7031
-1.5694	-1.6769
-1.4430	-1.6507
-1.3165	-1.6245
-1.1901	-1.5983
-1.0637	-1.5721
-0.93726	-1.5459
-0.81084	-1.5197
-0.68441	-1.4935
-0.55799	-1.4674
-0.43156	-1.4412
-0.30514	-1.4150
-0.17871	-1.3888
-0.052284	-1.3626
0.074141	-1.3364
0.20057	-1.3102
0.32699	-1.2840
0.45342	-1.2578
0.57984	-1.2316
0.70627	-1.2055
0.83270	-1.1793
0.95912	-1.1531
1.0855	-1.1270
1.2120	-1.1008
1.3384	-1.0746
1.4648	-1.0485
1.5913	-1.0223
1.7177	-0.99613
1.8441	-0.96997
1.9705	-0.94380
2.0970	-0.91763
2.2234	-0.89146
2.3498	-0.86530
2.4762	-0.83913
2.6027	-0.81296
2.7291	-0.78680
2.8555	-0.76063
2.9819	-0.73446
3.1084	-0.70830
3.2348	-0.68213
3.3280	-0.65596
3.4078	-0.62980
3.4876	-0.60363
3.5674	-0.57746
3.6472	-0.55130
3.7270	-0.52513
3.8414	-0.49896
4.0211	-0.47280
4.2008	-0.44663
4.3805	-0.42046
4.5602	-0.39430
4.7399	-0.36813
4.9196	-0.34196
5.0993	-0.31579
5.2790	-0.28963
5.4587	-0.26346
5.6384	-0.23729
5.8181	-0.21113
5.9978	-0.18496
6.1775	-0.15879
6.3571	-0.13263
6.5368	-0.10646
6.6838	-0.080293
6.7875	-0.054126
6.8912	-0.027959
6.9949	-0.0017926
7.0986	0.024374
7.2023	0.050541
7.3060	0.076708
7.4097	0.10287
7.5134	0.12904
7.6171	0.15521
7.7208	0.18138
7.8245	0.20754
7.9282	0.23371
8.0319	0.25988
8.1356	0.28604
8.2393	0.31221
8.3430	0.33838
8.4467	0.36454
8.5504	0.39071
8.6541	0.41688
8.7578	0.44304
8.8615	0.46921
8.9652	0.49538
9.0689	0.52154
9.1726	0.54771
9.2763	0.57388
9.3799	0.60004
9.4836	0.62621
9.5873	0.65238
9.6910	0.67854
9.7947	0.70471
9.8984	0.73088
10.002	0.75705
10.106	0.78321
10.262	0.80938
10.417	0.83555
10.573	0.86171
10.728	0.88788
10.884	0.91405
11.039	0.94021
11.195	0.96638
11.351	0.99255
11.506	1.0187
11.662	1.0449
11.817	1.0710
11.973	1.0972
12.128	1.1234
12.284	1.1495
12.439	1.1757
12.595	1.2019
12.750	1.2280
12.918	1.2542
13.098	1.2804
13.279	1.3065
13.459	1.3327
13.639	1.3589
13.819	1.3850
13.992	1.4112
14.119	1.4374
14.245	1.4635
14.371	1.4897
14.498	1.5159
14.624	1.5421
14.751	1.5682
14.877	1.5944
15.004	1.6206
15.130	1.6467
15.257	1.6729
15.383	1.6991
15.510	1.7252
15.636	1.7514
15.762	1.7776
15.889	1.8037
16.015	1.8299
16.142	1.8561
16.268	1.8822
16.395	1.9084
16.521	1.9346
16.648	1.9607
16.774	1.9869
16.900	2.0131
17.027	2.0392
17.153	2.0654
17.280	2.0916
17.406	2.1177
17.533	2.1439
17.659	2.1701
17.786	2.1962
17.912	2.2224
18.039	2.2486
18.165	2.2747
18.291	2.3009
18.418	2.3271
18.544	2.3532
18.671	2.3794
18.797	2.4056
18.924	2.4318
19.050	2.4579
19.177	2.4841
19.303	2.5103
19.429	2.5364
19.556	2.5626
19.682	2.5888
19.809	2.6150
19.935	2.6411
20.062	2.6673
20.188	2.6935
20.315	2.7197
20.441	2.7458
20.568	2.7720
20.721	2.7982
20.893	2.8243
21.064	2.8505
21.235	2.8767
21.406	2.9029
21.577	2.9290
21.749	2.9552
21.920	2.9814
22.091	3.0076
22.262	3.0337
22.433	3.0599
22.605	3.0861
22.776	3.1122
22.947	3.1384
23.118	3.1646
23.290	3.1908
23.461	3.2169
23.632	3.2431
23.803	3.2693
23.974	3.2954
24.146	3.3216
24.240	3.3478
24.327	3.3740
24.415	3.4001
24.502	3.4263
24.590	3.4525
24.677	3.4787
24.765	3.5048
24.852	3.5310
24.940	3.5572
25.028	3.5833
25.115	3.6095
25.203	3.6357
25.290	3.6619
25.378	3.6880
25.465	3.7142
25.553	3.7404
25.641	3.7666
25.728	3.7927
25.816	3.8189
25.903	3.8451
25.991	3.8712
26.078	3.8974
26.166	3.9236
26.253	3.9498
26.341	3.9759
26.429	4.0021
26.516	4.0283
26.604	4.0545
26.691	4.0806
26.779	4.1068
26.912	4.1330
27.067	4.1591
27.222	4.1853
27.377	4.2115
27.532	4.2377
27.687	4.2638
27.842	4.2900
27.996	4.3162
28.151	4.3424
28.306	4.3685
28.461	4.3947
28.616	4.4209
28.771	4.4470
28.926	4.4732
29.080	4.4994
29.235	4.5256
29.390	4.5517
29.545	4.5779
29.700	4.6041
29.855	4.6302
30.010	4.6564
30.164	4.6826
30.319	4.7088
30.474	4.7349
30.629	4.7611
30.784	4.7873
30.939	4.8135
31.094	4.8396
31.248	4.8658
31.403	4.8920
31.558	4.9181
31.713	4.9443
31.868	4.9705
32.023	4.9967
32.178	5.0228
32.333	5.0490
32.487	5.0752
32.642	5.1014
32.797	5.1275
32.952	5.1537
33.107	5.1799
33.262	5.2060
33.417	5.2322
33.571	5.2584
33.726	5.2846
33.881	5.3107
34.036	5.3369
34.191	5.3631
34.346	5.3893
34.501	5.4156
34.655	5.4418
34.810	5.4681
34.959	5.4943
35.077	5.5206
35.196	5.5469
35.314	5.5731
35.432	5.5994
35.550	5.6256
35.668	5.6519
35.786	5.6781
35.905	5.7044
36.023	5.7306
36.141	5.7569
36.259	5.7831
36.377	5.8094
36.496	5.8356
36.614	5.8618
36.732	5.8879
36.850	5.9141
36.968	5.9403
37.086	5.9664
37.205	5.9926
37.323	6.0188
37.441	6.0449
37.559	6.0711
37.677	6.0972
37.795	6.1234
37.914	6.1496
38.032	6.1757
38.150	6.2019
38.268	6.2281
38.386	6.2542
38.505	6.2804
38.623	6.3066
38.741	6.3327
38.859	6.3589
38.977	6.3851
39.095	6.4112
39.214	6.4374
39.332	6.4635
39.450	6.4897
39.568	6.5159
39.714	6.5420
39.906	6.5682
40.098	6.5944
40.290	6.6205
40.482	6.6467
40.674	6.6729
40.866	6.6990
41.058	6.7252
41.250	6.7514
41.442	6.7775
41.634	6.8037
41.826	6.8298
42.018	6.8560
42.210	6.8822
42.402	6.9083
42.594	6.9345
42.786	6.9607
42.978	6.9868
43.099	7.0130
43.208	7.0392
43.317	7.0653
43.426	7.0915
43.535	7.1176
43.644	7.1438
43.753	7.1700
43.862	7.1961
43.971	7.2223
44.080	7.2485
44.189	7.2746
44.298	7.3008
44.407	7.3270
44.516	7.3531
44.625	7.3793
44.734	7.4055
44.843	7.4316
44.952	7.4578
45.061	7.4839
45.170	7.5101
45.279	7.5363
45.388	7.5624
45.497	7.5886
45.606	7.6148
45.715	7.6409
45.824	7.6671
45.933	7.6933
46.042	7.7194
46.151	7.7456
46.260	7.7718
46.369	7.7979
46.478	7.8241
46.587	7.8502
46.696	7.8764
46.805	7.9026
46.914	7.9287
47.023	7.9549
47.132	7.9811
47.241	8.0072
47.350	8.0334
47.459	8.0596
47.568	8.0851
47.677	8.1100
47.786	8.1349
47.895	8.1599
48.004	8.1848
48.113	8.2097
48.229	8.2352
48.396	8.2650
48.562	8.2948
48.729	8.3247
48.895	8.3510
49.062	8.3771
49.228	8.4032
49.395	8.4293
49.561	8.4554
49.728	8.4815
49.894	8.5076
50.061	8.5337
50.227	8.5598
50.394	8.5859
50.560	8.6120
50.727	8.6381
50.893	8.6642
51.060	8.6903
51.226	8.7164
51.393	8.7424
51.559	8.7685
51.726	8.7946
51.892	8.8207
52.059	8.8468
52.225	8.8729
52.392	8.8990
52.541	8.9251
52.681	8.9512
52.821	8.9773
52.962	9.0034
53.102	9.0295
53.242	9.0556
53.382	9.0817
53.523	9.1078
53.663	9.1339
53.803	9.1600
53.943	9.1861
54.084	9.2122
54.224	9.2383
54.364	9.2644
54.504	9.2905
54.645	9.3166
54.785	9.3427
54.925	9.3688
55.065	9.3949
55.206	9.4209
55.346	9.4470
55.459	9.4731
55.571	9.4992
55.684	9.5253
55.796	9.5514
55.908	9.5775
56.021	9.6036
56.133	9.6297
56.245	9.6558
56.357	9.6819
56.470	9.7080
56.582	9.7341
56.694	9.7602
56.807	9.7863
56.919	9.8124
57.031	9.8385
57.143	9.8646
57.256	9.8907
57.368	9.9168
57.480	9.9429
57.593	9.9690
57.705	9.9915
57.817	10.004
57.156	9.9968
56.032	9.9775
53.891	9.9382
52.655	9.9066
52.331	9.8827
52.007	9.8588
51.682	9.8350
51.358	9.8111
51.034	9.7872
50.709	9.7633
50.385	9.7394
50.060	9.7155
49.736	9.6916
49.412	9.6677
49.087	9.6439
48.763	9.6200
48.439	9.5961
48.114	9.5722
47.790	9.5483
47.573	9.5244
47.433	9.5005
47.293	9.4744
47.153	9.4482
47.012	9.4220
46.872	9.3959
46.732	9.3697
46.592	9.3435
46.452	9.3174
46.312	9.2912
46.172	9.2650
46.031	9.2389
45.891	9.2127
45.751	9.1865
45.611	9.1603
45.471	9.1342
45.331	9.1080
45.191	9.0818
45.050	9.0557
44.910	9.0295
44.770	9.0033
44.630	8.9772
44.490	8.9510
44.350	8.9248
44.210	8.8986
44.069	8.8725
43.929	8.8463
43.789	8.8201
43.649	8.7940
43.509	8.7678
43.369	8.7416
43.228	8.7155
43.088	8.6893
42.948	8.6631
42.808	8.6369
42.668	8.6108
42.528	8.5846
42.388	8.5584
42.247	8.5323
42.107	8.5061
41.967	8.4799
41.827	8.4538
41.687	8.4276
41.547	8.4014
41.407	8.3752
41.266	8.3491
41.126	8.3229
40.986	8.2967
40.846	8.2706
40.706	8.2444
40.566	8.2182
40.426	8.1921
40.285	8.1659
40.145	8.1397
40.005	8.1136
39.865	8.0874
39.725	8.0612
39.585	8.0350
39.445	8.0089
39.304	7.9827
39.164	7.9565
39.024	7.9304
38.884	7.9042
38.744	7.8780
38.604	7.8519
38.463	7.8257
38.323	7.7995
38.183	7.7733
38.043	7.7472
37.903	7.7210
37.763	7.6948
37.623	7.6687
37.482	7.6425
37.342	7.6163
37.202	7.5902
37.062	7.5640
36.922	7.5378
36.782	7.5116
36.642	7.4855
36.501	7.4593
36.361	7.4331
36.221	7.4070
36.081	7.3808
35.941	7.3546
35.801	7.3285
35.661	7.3023
35.520	7.2761
35.380	7.2499
35.240	7.2238
35.100	7.1976
34.960	7.1714
34.820	7.1453
34.680	7.1191
34.539	7.0929
34.399	7.0668
34.259	7.0406
34.119	7.0144
33.979	6.9883
33.839	6.9621
33.698	6.9359
33.558	6.9097
33.418	6.8836
33.278	6.8574
33.138	6.8312
32.998	6.8051
32.858	6.7789
32.717	6.7527
32.577	6.7266
32.437	6.7004
32.297	6.6742
32.157	6.6480
32.017	6.6219
31.877	6.5957
31.736	6.5695
31.596	6.5434
31.456	6.5172
31.316	6.4910
31.176	6.4649
31.036	6.4387
30.896	6.4125
30.755	6.3863
30.615	6.3602
30.475	6.3340
30.335	6.3078
30.195	6.2817
30.055	6.2555
29.915	6.2293
29.774	6.2032
29.634	6.1770
29.494	6.1508
29.354	6.1246
29.214	6.0985
29.074	6.0723
28.933	6.0461
28.793	6.0200
28.653	5.9938
28.513	5.9676
28.373	5.9415
28.233	5.9153
28.093	5.8891
27.952	5.8630
27.812	5.8368
27.672	5.8106
27.532	5.7844
27.392	5.7583
27.252	5.7321
27.112	5.7059
26.971	5.6798
26.831	5.6536
26.691	5.6274
26.551	5.6013
26.411	5.5751
26.271	5.5489
26.131	5.5227
25.990	5.4966
25.850	5.4704
25.710	5.4442
25.570	5.4181
25.430	5.3919
25.290	5.3657
25.150	5.3396
25.009	5.3134
24.869	5.2872
24.729	5.2610
24.589	5.2349
24.449	5.2087
24.309	5.1825
24.168	5.1564
24.028	5.1302
23.888	5.1040
23.748	5.0779
23.608	5.0517
23.468	5.0255
23.328	4.9993
23.187	4.9732
23.047	4.9470
22.907	4.9208
22.767	4.8947
22.627	4.8685
22.487	4.8423
22.347	4.8162
22.206	4.7900
22.066	4.7638
21.926	4.7377
21.786	4.7115
21.646	4.6853
21.506	4.6591
21.366	4.6330
21.225	4.6068
21.085	4.5806
20.945	4.5545
20.805	4.5283
20.665	4.5021
20.525	4.4760
20.385	4.4498
20.244	4.4236
20.104	4.3974
19.958	4.3713
19.793	4.3451
19.628	4.3189
19.462	4.2928
19.297	4.2666
19.132	4.2404
18.967	4.2143
18.801	4.1881
18.636	4.1619
18.471	4.1357
18.306	4.1096
18.140	4.0834
17.975	4.0572
17.810	4.0311
17.644	4.0049
17.479	3.9787
17.324	3.9526
17.191	3.9264
17.058	3.9002
16.925	3.8740
16.792	3.8479
16.659	3.8217
16.526	3.7955
16.393	3.7694
16.260	3.7432
16.127	3.7170
15.994	3.6909
15.861	3.6647
15.728	3.6385
15.595	3.6124
15.462	3.5862
15.329	3.5600
15.196	3.5338
15.063	3.5077
14.930	3.4815
14.797	3.4553
14.664	3.4292
14.531	3.4030
14.398	3.3768
14.265	3.3507
14.132	3.3245
13.999	3.2983
13.866	3.2721
13.733	3.2460
13.600	3.2198
13.467	3.1936
13.334	3.1675
13.201	3.1413
13.069	3.1151
12.936	3.0890
12.803	3.0628
12.670	3.0366
12.537	3.0104
12.404	2.9843
12.271	2.9581
12.138	2.9319
12.005	2.9058
11.872	2.8796
11.739	2.8534
11.606	2.8273
11.473	2.8011
11.340	2.7749
11.207	2.7487
11.074	2.7226
10.941	2.6964
10.808	2.6702
10.675	2.6441
10.542	2.6179
10.409	2.5917
10.276	2.5656
10.143	2.5394
10.010	2.5132
9.8769	2.4871
9.7439	2.4609
9.6109	2.4347
9.4779	2.4085
9.3449	2.3824
9.2119	2.3562
9.0789	2.3300
8.9460	2.3039
8.8130	2.2777
8.6800	2.2515
8.5470	2.2254
8.4140	2.1992
8.2810	2.1730
8.1480	2.1468
8.0151	2.1207
7.8821	2.0945
7.7491	2.0683
7.6161	2.0422
7.4831	2.0160
7.3501	1.9898
7.2171	1.9637
7.0842	1.9375
6.9512	1.9113
6.8182	1.8851
6.6852	1.8590
6.5522	1.8328
6.4192	1.8066
6.2862	1.7805
6.1532	1.7543
6.0203	1.7281
5.8873	1.7020
5.7543	1.6758
5.6213	1.6496
5.4883	1.6234
5.3553	1.5973
5.2223	1.5711
5.0894	1.5449
4.9564	1.5188
4.8234	1.4926
4.6904	1.4664
4.5574	1.4403
4.4244	1.4141
4.2914	1.3879
4.1585	1.3583
4.0255	1.3269
3.8925	1.3008
3.7595	1.2747
3.6265	1.2485
3.4935	1.2224
3.3605	1.1962
3.2276	1.1701
3.0946	1.1439
2.9616	1.1178
2.8286	1.0917
2.6956	1.0655
2.5626	1.0394
2.4296	1.0132
2.2967	0.98710
2.1637	0.96096
2.0307	0.93481
1.8977	0.90867
1.7647	0.88253
1.6317	0.85639
1.4987	0.83025
1.3658	0.80411
1.2328	0.77797
1.0998	0.75182
0.96680	0.72568
0.83382	0.69954
0.70083	0.67340
0.56785	0.64726
0.43486	0.62112
0.30188	0.59497
0.16889	0.56883
0.035904	0.54269
-0.097082	0.51655
-0.23007	0.49041
-0.36305	0.46427
-0.49604	0.43812
-0.62902	0.41198
-0.76201	0.38584
-0.89500	0.35970
-1.0280	0.33356
-1.1610	0.30742
-1.2940	0.28128
-1.4269	0.25513
-1.5599	0.22899
-1.6929	0.20285
-1.8259	0.17671
-1.9589	0.15057
-2.0919	0.12443
-2.2249	0.098284
-2.3578	0.072143
-2.4908	0.046001
-2.6238	0.019859
-2.7568	-0.0062822
-2.8898	-0.032424
-3.0228	-0.058565
-3.1558	-0.084707
-3.2887	-0.11085
-3.4217	-0.13699
-3.5547	-0.16313
-3.6877	-0.18927
-3.8207	-0.21541
-3.9537	-0.24156
-4.0867	-0.26770
-4.2196	-0.29384
-4.3526	-0.31998
-4.4856	-0.34612
-4.6186	-0.37226
-4.7516	-0.39841
-4.8846	-0.42455
-5.0176	-0.45069
-5.1505	-0.47683
-5.2835	-0.50297
-5.4165	-0.52911
-5.5495	-0.55526
-5.6825	-0.58140
-5.8155	-0.60754
-5.9485	-0.63368
-6.0814	-0.65982
-6.2144	-0.68596
-6.3474	-0.71210
-6.4804	-0.73825
-6.6134	-0.76439
-6.7464	-0.79053
-6.8794	-0.81668
-7.0123	-0.84283
-7.1453	-0.86898
-7.2783	-0.89513
-7.4113	-0.92128
-7.5443	-0.94743
-7.6773	-0.97358
-7.8103	-0.99973
-7.9432	-1.0259
-8.0762	-1.0520
-8.2092	-1.0782
-8.3422	-1.1043
-8.4752	-1.1305
-8.6082	-1.1566
-8.7412	-1.1828
-8.8741	-1.2089
-9.0071	-1.2351
-9.1401	-1.2612
-9.2731	-1.2874
-9.4061	-1.3135
-9.5391	-1.3397
-9.6721	-1.3658
-9.8050	-1.3920
-9.9380	-1.4181
-10.071	-1.4443
-10.204	-1.4704
-10.337	-1.4966
-10.470	-1.5227
-10.603	-1.5489
-10.736	-1.5750
-10.869	-1.6012
-11.002	-1.6273
-11.135	-1.6535
-11.268	-1.6796
-11.401	-1.7058
-11.534	-1.7319
-11.667	-1.7581
-11.800	-1.7842
-11.933	-1.8104
-12.066	-1.8366
-12.199	-1.8627
-12.332	-1.8889
-12.465	-1.9150
-12.598	-1.9412
-12.731	-1.9673
-12.864	-1.9935
-12.997	-2.0196
-13.130	-2.0458
-13.263	-2.0719
-13.396	-2.0981
-13.529	-2.1242
-13.662	-2.1504
-13.795	-2.1765
-13.928	-2.2027
-14.061	-2.2288
-14.194	-2.2550
-14.327	-2.2811
-14.460	-2.3073
-14.593	-2.3334
-14.726	-2.3596
-14.859	-2.3858
-14.991	-2.4121
-15.124	-2.4383
-15.257	-2.4645
-15.390	-2.4907
-15.523	-2.5169
-15.656	-2.5432
-15.789	-2.5694
-15.922	-2.5956
-16.055	-2.6218
-16.188	-2.6480
-16.321	-2.6743
-16.454	-2.7005
-16.587	-2.7267
-16.720	-2.7529
-16.853	-2.7791
-16.986	-2.8054
-17.119	-2.8316
-17.252	-2.8578
-17.386	-2.8840
-17.520	-2.9102
-17.654	-2.9365
-17.788	-2.9627
-17.922	-2.9889
-18.055	-3.0151
-18.189	-3.0413
-18.323	-3.0675
-18.457	-3.0938
-18.591	-3.1200
-18.725	-3.1462
-18.859	-3.1724
-18.993	-3.1986
-19.127	-3.2249
-19.261	-3.2511
-19.395	-3.2773
-19.529	-3.3035
-19.663	-3.3297
-19.797	-3.3560
-19.931	-3.3822
-20.065	-3.4084
-20.199	-3.4346
-20.333	-3.4608
-20.467	-3.4871
-20.601	-3.5133
-20.735	-3.5395
-20.869	-3.5657
-21.003	-3.5919
-21.137	-3.6181
-21.271	-3.6444
-21.405	-3.6706
-21.539	-3.6968
-21.673	-3.7230
-21.807	-3.7492
-21.941	-3.7755
-22.075	-3.8017
-22.209	-3.8279
-22.343	-3.8541
-22.477	-3.8803
-22.611	-3.9066
-22.745	-3.9328
-22.879	-3.9590
-23.013	-3.9852
-23.147	-4.0114
-23.281	-4.0377
-23.415	-4.0639
-23.549	-4.0901
-23.683	-4.1163
-23.817	-4.1425
-23.951	-4.1688
-24.085	-4.1950
-24.219	-4.2212
-24.353	-4.2474
-24.487	-4.2736
-24.621	-4.2998
-24.755	-4.3259
-24.889	-4.3521
-25.023	-4.3783
-25.157	-4.4044
-25.291	-4.4306
-25.425	-4.4568
-25.559	-4.4830
-25.693	-4.5091
-25.827	-4.5353
-25.961	-4.5615
-26.095	-4.5876
-26.229	-4.6138
-26.363	-4.6400
-26.497	-4.6662
-26.631	-4.6923
-26.765	-4.7185
-26.899	-4.7447
-27.033	-4.7708
-27.167	-4.7970
-27.301	-4.8232
-27.435	-4.8494
-27.569	-4.8755
-27.703	-4.9017
-27.837	-4.9279
-27.971	-4.9540
-28.105	-4.9802
-28.239	-5.0064
-28.373	-5.0326
-28.507	-5.0587
-28.641	-5.0849
-28.775	-5.1111
-28.909	-5.1372
-29.043	-5.1634
-29.177	-5.1896
-29.311	-5.2158
-29.445	-5.2419
-29.579	-5.2681
-29.713	-5.2943
-29.847	-5.3204
-29.981	-5.3466
-30.115	-5.3728
-30.249	-5.3990
-30.383	-5.4251
-30.517	-5.4513
-30.651	-5.4775
-30.785	-5.5036
-30.919	-5.5298
-31.053	-5.5560
-31.187	-5.5822
-31.321	-5.6083
-31.455	-5.6345
-31.589	-5.6607
-31.723	-5.6868
-31.857	-5.7130
-31.991	-5.7392
-32.125	-5.7654
-32.259	-5.7915
-32.393	-5.8177
-32.527	-5.8439
-32.661	-5.8700
-32.795	-5.8962
-32.929	-5.9224
-33.063	-5.9486
-33.197	-5.9747
-33.331	-6.0009
-33.465	-6.0271
-33.599	-6.0532
-33.733	-6.0794
-33.867	-6.1056
-34.001	-6.1318
-34.135	-6.1579
-34.269	-6.1841
-34.403	-6.2103
-34.537	-6.2364
-34.671	-6.2626
-34.805	-6.2888
-34.939	-6.3150
-35.073	-6.3411
-35.207	-6.3673
-35.341	-6.3935
-35.475	-6.4196
-35.609	-6.4458
-35.743	-6.4720
-35.877	-6.4982
-36.011	-6.5243
-36.145	-6.5505
-36.279	-6.5767
-36.413	-6.6028
-36.547	-6.6290
-36.681	-6.6552
-36.815	-6.6814
-36.949	-6.7075
-37.083	-6.7337
-37.217	-6.7599
-37.351	-6.7860
-37.485	-6.8122
-37.618	-6.8384
-37.752	-6.8646
-37.902	-6.8907
-38.067	-6.9169
-38.232	-6.9431
-38.397	-6.9692
-38.562	-6.9954
-38.727	-7.0216
-38.888	-7.0478
-39.029	-7.0739
-39.170	-7.1001
-39.311	-7.1263
-39.453	-7.1524
-39.594	-7.1786
-39.735	-7.2048
-39.876	-7.2310
-40.017	-7.2571
-40.158	-7.2833
-40.299	-7.3095
-40.441	-7.3356
-40.582	-7.3618
-40.723	-7.3880
-40.864	-7.4142
-41.005	-7.4403
-41.146	-7.4665
-41.287	-7.4927
-41.429	-7.5188
-41.570	-7.5450
-41.711	-7.5712
-41.852	-7.5974
-41.993	-7.6235
-42.134	-7.6497
-42.275	-7.6759
-42.416	-7.7020
-42.558	-7.7282
-42.699	-7.7544
-42.840	-7.7806
-42.981	-7.8067
-43.122	-7.8329
-43.263	-7.8591
-43.404	-7.8852
-43.546	-7.9114
-43.687	-7.9376
-43.828	-7.9638
-43.969	-7.9899
-44.110	-8.0161
-44.251	-8.0423
-44.392	-8.0684
-44.534	-8.0946
-44.675	-8.1208
-44.816	-8.1470
-44.957	-8.1731
-45.098	-8.1993
-45.239	-8.2255
-45.380	-8.2516
-45.522	-8.2778
-45.663	-8.3040
-45.804	-8.3302
-45.945	-8.3563
-46.086	-8.3825
-46.227	-8.4087
-46.368	-8.4348
-46.509	-8.4610
-46.651	-8.4872
-46.792	-8.5134
-46.933	-8.5395
-47.074	-8.5657
-47.215	-8.5919
-47.356	-8.6180
-47.497	-8.6442
-47.639	-8.6703
-47.780	-8.6965
-47.921	-8.7226
-48.062	-8.7488
-48.204	-8.7749
-48.345	-8.8011
-48.487	-8.8272
-48.628	-8.8534
-48.770	-8.8795
-48.912	-8.9057
-49.053	-8.9318
-49.195	-8.9580
-49.337	-8.9841
-49.478	-9.0103
-49.620	-9.0365
-49.762	-9.0626
-49.903	-9.0888
-50.045	-9.1149
-50.186	-9.1411
-50.328	-9.1672
-50.470	-9.1934
-50.611	-9.2195
-50.753	-9.2457
-50.895	-9.2718
-51.036	-9.2980
-51.178	-9.3241
-51.320	-9.3503
-51.461	-9.3764
-51.603	-9.4026
-51.745	-9.4287
-51.886	-9.4549
-52.028	-9.4810
-52.169	-9.5072
-52.311	-9.5333
-52.453	-9.5595
-52.594	-9.5857
-52.736	-9.6118
-52.878	-9.6380
-53.019	-9.6641
-53.161	-9.6903
-53.303	-9.7164
-53.444	-9.7426
-53.586	-9.7687
-53.727	-9.7949
-53.869	-9.8210
-54.011	-9.8472
-54.152	-9.8733
-54.294	-9.8995
-54.436	-9.9256
-54.577	-9.9518
-54.719	-9.9779
-54.861	-10.002
-55.002	-10.015
-54.912	-10.012
-54.633	-9.9967
-49.916	-9.9621
-46.373	-9.9308
-45.198	-9.9068
-44.023	-9.8829
-43.024	-9.8593
-42.814	-9.8374
-42.604	-9.8155
-42.394	-9.7936
