Load (N)	Extension (mm)
	
	
	
	
-3.3060	-1.1237
-3.3045	-1.1237
-3.3030	-1.1237
-3.3014	-1.1237
-3.2999	-1.1237
-3.2984	-1.1237
-3.2969	-1.1237
-3.2954	-1.1237
-3.2938	-1.1237
-3.2923	-1.1237
-3.2908	-1.1237
-3.2893	-1.1237
-3.2878	-1.1237
-3.2862	-1.1237
-3.2847	-1.1237
-3.2832	-1.1237
-3.2817	-1.1237
-3.2802	-1.1237
-3.2787	-1.1237
-3.2771	-1.1237
-3.2756	-1.1237
-3.2741	-1.1237
-3.2726	-1.1237
-3.2711	-1.1237
-3.2695	-1.1237
-3.2680	-1.1237
-3.2665	-1.1237
-3.2650	-1.1237
-3.2635	-1.1237
-3.2619	-1.1230
-3.2604	-1.1205
-2.7606	-1.1099
-2.0430	-1.0950
-1.3253	-1.0748
-0.96674	-1.0546
-0.87121	-1.0343
-0.77569	-1.0104
-0.68016	-0.98659
-0.58463	-0.96274
-0.48910	-0.93889
-0.39357	-0.91406
-0.29805	-0.88731
-0.20252	-0.86057
-0.10699	-0.83382
-0.011462	-0.80707
0.084066	-0.78032
0.17959	-0.75358
0.27512	-0.72683
0.37065	-0.70008
0.46618	-0.67333
0.56171	-0.64659
0.65723	-0.61984
0.75276	-0.59309
0.84829	-0.56622
1.0114	-0.53933
1.3276	-0.51244
1.6437	-0.48554
1.9598	-0.45865
2.2759	-0.43176
2.5920	-0.40487
2.9082	-0.37798
3.2243	-0.35109
3.4208	-0.32373
3.5025	-0.29592
3.5842	-0.26811
3.6658	-0.24070
3.7475	-0.21392
3.8292	-0.18713
3.9109	-0.16035
3.9926	-0.13356
4.0742	-0.10667
4.1559	-0.079734
4.2376	-0.052797
4.3193	-0.025859
4.4010	0.0010779
4.4826	0.028015
4.5643	0.053308
4.6460	0.076793
4.7277	0.083403
4.5745	0.085074
4.0004	0.080618
3.4262	0.076161
2.8521	0.072715
2.2779	0.072480
2.0686	0.072246
2.0308	0.072011
1.9930	0.071776
1.9552	0.071541
1.9174	0.071306
1.8796	0.071071
1.8418	0.070294
1.8040	0.068834
1.7661	0.056903
1.7283	0.039212
1.6905	0.012399
1.5600	-0.012306
1.4009	-0.036363
1.2419	-0.060421
1.0828	-0.084479
0.92379	-0.10854
0.76475	-0.13259
0.60571	-0.15780
0.44667	-0.18404
0.28763	-0.21027
0.12859	-0.23651
-0.030455	-0.26274
-0.18950	-0.28898
-0.34854	-0.31521
-0.50758	-0.34145
-0.66662	-0.36768
-0.82566	-0.39392
-0.98470	-0.42015
-1.1437	-0.44639
-1.3028	-0.47264
-1.4618	-0.49921
-1.6209	-0.52578
-1.7799	-0.55236
-1.9389	-0.57893
-2.0980	-0.60550
-2.2570	-0.63207
-2.4161	-0.65865
-2.5751	-0.68522
-2.7341	-0.71179
-2.8932	-0.73836
-3.0522	-0.76494
-3.2113	-0.79151
-3.3703	-0.81808
-3.5293	-0.84465
-3.6884	-0.87123
-3.8474	-0.89780
-4.0065	-0.92437
-4.1655	-0.95094
-4.3246	-0.97752
-4.4836	-1.0041
-4.6426	-1.0307
-4.8017	-1.0574
-4.9607	-1.0846
-5.1198	-1.1119
-5.2788	-1.1391
-5.4378	-1.1664
-5.5969	-1.1936
-5.7559	-1.2209
-5.9150	-1.2481
-6.0740	-1.2754
-6.2330	-1.3026
-6.3921	-1.3293
-6.5511	-1.3558
-6.7102	-1.3823
-6.8692	-1.4089
-7.0282	-1.4354
-7.1873	-1.4620
-7.3463	-1.4885
-7.5054	-1.5151
-7.6644	-1.5416
-7.8234	-1.5682
-7.9825	-1.5947
-8.1415	-1.6213
-8.3006	-1.6478
-8.4596	-1.6744
-8.6186	-1.7009
-8.7777	-1.7275
-8.9367	-1.7540
-9.0958	-1.7806
-9.2548	-1.8071
-9.4138	-1.8337
-9.5604	-1.8602
-9.6985	-1.8868
-9.8365	-1.9133
-9.9746	-1.9400
-10.113	-1.9669
-10.251	-1.9938
-10.389	-2.0206
-10.527	-2.0475
-10.665	-2.0744
-10.803	-2.1012
-10.941	-2.1281
-11.079	-2.1550
-11.217	-2.1819
-11.356	-2.2087
-11.494	-2.2356
-11.632	-2.2625
-11.770	-2.2893
-11.908	-2.3162
-12.046	-2.3431
-12.184	-2.3699
-12.322	-2.3968
-12.460	-2.4237
-12.598	-2.4505
-12.736	-2.4774
-12.874	-2.5043
-13.013	-2.5312
-13.151	-2.5580
-13.289	-2.5849
-13.427	-2.6118
-13.565	-2.6386
-13.703	-2.6655
-13.841	-2.6924
-13.979	-2.7192
-14.117	-2.7461
-14.255	-2.7730
-14.393	-2.7998
-14.532	-2.8267
-14.670	-2.8536
-14.808	-2.8805
-14.946	-2.9073
-15.084	-2.9342
-15.222	-2.9611
-15.360	-2.9879
-15.498	-3.0148
-15.636	-3.0417
-15.774	-3.0685
-15.912	-3.0954
-16.050	-3.1223
-16.189	-3.1492
-16.327	-3.1760
-16.465	-3.2028
-16.603	-3.2295
-16.741	-3.2562
-16.879	-3.2830
-17.017	-3.3097
-17.155	-3.3364
-17.293	-3.3631
-17.431	-3.3899
-17.569	-3.4166
-17.708	-3.4433
-17.846	-3.4700
-17.984	-3.4968
-18.122	-3.5235
-18.260	-3.5502
-18.398	-3.5769
-18.536	-3.6037
-18.674	-3.6304
-18.812	-3.6571
-18.950	-3.6838
-19.088	-3.7106
-19.226	-3.7373
-19.365	-3.7640
-19.503	-3.7907
-19.641	-3.8175
-19.779	-3.8442
-19.917	-3.8709
-20.055	-3.8976
-20.193	-3.9244
-20.331	-3.9511
-20.469	-3.9778
-20.607	-4.0045
-20.745	-4.0313
-20.884	-4.0580
-21.022	-4.0847
-21.160	-4.1114
-21.298	-4.1381
-21.436	-4.1649
-21.574	-4.1916
-21.712	-4.2183
-21.850	-4.2450
-21.988	-4.2718
-22.126	-4.2985
-22.264	-4.3252
-22.402	-4.3519
-22.541	-4.3786
-22.679	-4.4053
-22.817	-4.4320
-22.955	-4.4587
-23.093	-4.4854
-23.231	-4.5121
-23.369	-4.5388
-23.507	-4.5655
-23.645	-4.5922
-23.783	-4.6189
-23.921	-4.6456
-24.060	-4.6723
-24.198	-4.6990
-24.336	-4.7257
-24.474	-4.7524
-24.612	-4.7791
-24.750	-4.8058
-24.888	-4.8325
-25.026	-4.8592
-25.164	-4.8859
-25.302	-4.9126
-25.440	-4.9393
-25.578	-4.9660
-25.717	-4.9927
-25.855	-5.0194
-25.993	-5.0461
-26.131	-5.0728
-26.269	-5.0995
-26.407	-5.1262
-26.545	-5.1529
-26.683	-5.1796
-26.821	-5.2063
-26.959	-5.2330
-27.097	-5.2597
-27.236	-5.2864
-27.374	-5.3131
-27.512	-5.3398
-27.650	-5.3665
-27.788	-5.3932
-27.926	-5.4199
-28.064	-5.4466
-28.202	-5.4733
-28.340	-5.5000
-28.478	-5.5267
-28.616	-5.5534
-28.754	-5.5801
-28.893	-5.6068
-29.031	-5.6335
-29.169	-5.6602
-29.307	-5.6869
-29.445	-5.7136
-29.583	-5.7403
-29.721	-5.7670
-29.859	-5.7937
-29.997	-5.8204
-30.135	-5.8471
-30.273	-5.8738
-30.412	-5.9005
-30.550	-5.9272
-30.688	-5.9539
-30.826	-5.9806
-30.964	-6.0073
-31.102	-6.0340
-31.240	-6.0607
-31.378	-6.0874
-31.516	-6.1141
-31.654	-6.1408
-31.792	-6.1675
-31.931	-6.1942
-32.069	-6.2209
-32.207	-6.2476
-32.345	-6.2743
-32.483	-6.3010
-32.621	-6.3277
-32.759	-6.3544
-32.897	-6.3810
-33.035	-6.4077
-33.173	-6.4344
-33.311	-6.4611
-33.449	-6.4878
-33.588	-6.5145
-33.764	-6.5412
-33.943	-6.5679
-34.122	-6.5946
-34.300	-6.6213
-34.479	-6.6480
-34.657	-6.6747
-34.836	-6.7014
-35.014	-6.7281
-35.193	-6.7548
-35.371	-6.7815
-35.549	-6.8082
-35.700	-6.8349
-35.851	-6.8616
-36.002	-6.8883
-36.153	-6.9150
-36.304	-6.9417
-36.455	-6.9684
-36.606	-6.9951
-36.757	-7.0218
-36.908	-7.0485
-37.059	-7.0752
-37.210	-7.1019
-37.361	-7.1286
-37.512	-7.1553
-37.662	-7.1820
-37.813	-7.2087
-37.964	-7.2354
-38.115	-7.2622
-38.266	-7.2889
-38.417	-7.3157
-38.568	-7.3424
-38.719	-7.3692
-38.870	-7.3959
-39.021	-7.4227
-39.172	-7.4494
-39.323	-7.4761
-39.474	-7.5029
-39.625	-7.5296
-39.776	-7.5564
-39.927	-7.5831
-40.078	-7.6099
-40.229	-7.6366
-40.380	-7.6634
-40.531	-7.6901
-40.682	-7.7169
-40.833	-7.7436
-40.984	-7.7704
-41.135	-7.7971
-41.286	-7.8239
-41.437	-7.8506
-41.588	-7.8773
-41.739	-7.9041
-41.890	-7.9308
-42.041	-7.9576
-42.192	-7.9843
-42.343	-8.0111
-42.494	-8.0378
-42.645	-8.0646
-42.796	-8.0913
-42.947	-8.1181
-43.098	-8.1448
-43.249	-8.1716
-43.400	-8.1983
-43.551	-8.2250
-43.702	-8.2518
-43.853	-8.2785
-44.004	-8.3053
-44.154	-8.3320
-44.305	-8.3588
-44.456	-8.3855
-44.607	-8.4123
-44.758	-8.4390
-44.909	-8.4658
-45.060	-8.4925
-45.211	-8.5193
-45.362	-8.5460
-45.513	-8.5727
-45.664	-8.5995
-45.815	-8.6262
-45.966	-8.6530
-46.117	-8.6797
-46.268	-8.7065
-46.419	-8.7332
-46.570	-8.7600
-46.721	-8.7867
-46.872	-8.8135
-47.023	-8.8402
-47.174	-8.8670
-47.325	-8.8937
-47.476	-8.9205
-47.627	-8.9472
-47.778	-8.9739
-47.929	-9.0007
-48.080	-9.0274
-48.231	-9.0542
-48.382	-9.0809
-48.533	-9.1077
-48.684	-9.1344
-48.835	-9.1612
-48.986	-9.1879
-49.137	-9.2147
-49.288	-9.2414
-49.439	-9.2682
-49.590	-9.2949
-49.741	-9.3216
-49.892	-9.3484
-50.043	-9.3751
-50.194	-9.4019
-50.345	-9.4286
-50.496	-9.4554
-50.647	-9.4821
-50.797	-9.5089
-50.948	-9.5356
-51.099	-9.5624
-51.250	-9.5891
-51.401	-9.6159
-51.552	-9.6426
-51.703	-9.6695
-51.854	-9.6964
-52.005	-9.7233
-52.156	-9.7502
-52.307	-9.7771
-52.458	-9.8039
-52.609	-9.8308
-52.760	-9.8577
-52.911	-9.8846
-53.062	-9.9115
-53.213	-9.9384
-53.364	-9.9653
-53.515	-9.9922
-53.666	-10.019
-53.817	-10.026
-53.128	-10.026
-51.273	-10.019
-48.306	-10.012
-46.132	-10.007
-46.230	-10.008
-46.329	-10.008
-46.427	-10.008
-46.526	-10.009
-46.624	-10.009
-46.723	-10.009
-46.821	-10.010
-46.784	-10.001
-46.613	-9.9833
-46.124	-9.9583
-45.616	-9.9328
-45.108	-9.9074
-44.600	-9.8820
-44.093	-9.8566
-43.585	-9.8311
-43.347	-9.8057
-43.220	-9.7803
-43.093	-9.7548
-42.967	-9.7294
-42.840	-9.7040
-42.713	-9.6785
-42.587	-9.6531
-42.460	-9.6277
-42.333	-9.6023
-42.207	-9.5768
-42.080	-9.5514
-41.953	-9.5260
-41.827	-9.5005
-41.700	-9.4751
-41.573	-9.4488
-41.447	-9.4221
-41.320	-9.3953
-41.193	-9.3686
-41.067	-9.3419
-40.940	-9.3151
-40.813	-9.2884
-40.686	-9.2617
-40.560	-9.2349
-40.433	-9.2082
-40.306	-9.1815
-40.180	-9.1548
-40.053	-9.1280
-39.926	-9.1013
-39.800	-9.0746
-39.673	-9.0478
-39.546	-9.0211
-39.420	-8.9944
-39.293	-8.9676
-39.166	-8.9409
-39.040	-8.9142
-38.913	-8.8874
-38.786	-8.8607
-38.660	-8.8340
-38.533	-8.8072
-38.406	-8.7805
-38.279	-8.7538
-38.153	-8.7270
-38.026	-8.7003
-37.899	-8.6736
-37.773	-8.6469
-37.646	-8.6201
-37.519	-8.5934
-37.393	-8.5667
-37.266	-8.5399
-37.139	-8.5132
-37.013	-8.4865
-36.886	-8.4597
-36.759	-8.4330
-36.633	-8.4063
-36.506	-8.3795
-36.379	-8.3528
-36.253	-8.3261
-36.126	-8.2993
-35.999	-8.2726
-35.873	-8.2459
-35.746	-8.2191
-35.619	-8.1924
-35.492	-8.1657
-35.366	-8.1390
-35.239	-8.1122
-35.112	-8.0855
-34.986	-8.0588
-34.859	-8.0320
-34.732	-8.0053
-34.606	-7.9786
-34.479	-7.9518
-34.352	-7.9251
-34.226	-7.8984
-34.099	-7.8716
-33.972	-7.8449
-33.846	-7.8182
-33.719	-7.7914
-33.592	-7.7647
-33.466	-7.7380
-33.339	-7.7112
-33.212	-7.6845
-33.085	-7.6578
-32.959	-7.6311
-32.832	-7.6043
-32.705	-7.5776
-32.579	-7.5509
-32.452	-7.5241
-32.325	-7.4974
-32.199	-7.4707
-32.072	-7.4439
-31.945	-7.4172
-31.819	-7.3905
-31.692	-7.3637
-31.567	-7.3370
-31.454	-7.3103
-31.342	-7.2835
-31.229	-7.2568
-31.116	-7.2301
-31.003	-7.2033
-30.890	-7.1766
-30.777	-7.1499
-30.664	-7.1232
-30.551	-7.0964
-30.438	-7.0697
-30.325	-7.0430
-30.212	-7.0162
-30.099	-6.9895
-29.986	-6.9628
-29.874	-6.9360
-29.761	-6.9093
-29.648	-6.8826
-29.535	-6.8558
-29.422	-6.8291
-29.309	-6.8024
-29.196	-6.7756
-29.083	-6.7489
-28.970	-6.7222
-28.857	-6.6954
-28.744	-6.6687
-28.631	-6.6420
-28.518	-6.6153
-28.406	-6.5885
-28.293	-6.5618
-28.180	-6.5351
-28.067	-6.5083
-27.954	-6.4816
-27.841	-6.4549
-27.728	-6.4281
-27.606	-6.4014
-27.482	-6.3747
-27.358	-6.3479
-27.234	-6.3212
-27.110	-6.2945
-26.987	-6.2677
-26.863	-6.2410
-26.739	-6.2143
-26.615	-6.1875
-26.491	-6.1608
-26.367	-6.1341
-26.243	-6.1074
-26.120	-6.0806
-25.996	-6.0539
-25.872	-6.0272
-25.748	-6.0004
-25.624	-5.9737
-25.500	-5.9470
-25.376	-5.9202
-25.253	-5.8935
-25.129	-5.8668
-25.005	-5.8400
-24.881	-5.8133
-24.757	-5.7866
-24.633	-5.7598
-24.509	-5.7331
-24.386	-5.7064
-24.262	-5.6796
-24.138	-5.6529
-24.014	-5.6262
-23.890	-5.5995
-23.766	-5.5727
-23.642	-5.5460
-23.519	-5.5193
-23.395	-5.4925
-23.271	-5.4658
-23.147	-5.4391
-23.023	-5.4123
-22.899	-5.3856
-22.775	-5.3589
-22.652	-5.3321
-22.528	-5.3054
-22.404	-5.2787
-22.280	-5.2519
-22.156	-5.2252
-22.032	-5.1985
-21.908	-5.1717
-21.785	-5.1450
-21.661	-5.1183
-21.537	-5.0916
-21.413	-5.0648
-21.289	-5.0381
-21.165	-5.0114
-21.041	-4.9846
-20.918	-4.9579
-20.794	-4.9312
-20.670	-4.9044
-20.546	-4.8777
-20.422	-4.8510
-20.298	-4.8242
-20.174	-4.7975
-20.050	-4.7708
-19.927	-4.7440
-19.803	-4.7173
-19.679	-4.6906
-19.555	-4.6638
-19.431	-4.6371
-19.307	-4.6104
-19.183	-4.5837
-19.060	-4.5569
-18.926	-4.5302
-18.787	-4.5035
-18.649	-4.4767
-18.510	-4.4500
-18.372	-4.4233
-18.233	-4.3965
-18.094	-4.3698
-17.956	-4.3431
-17.817	-4.3163
-17.679	-4.2896
-17.540	-4.2629
-17.402	-4.2361
-17.263	-4.2094
-17.125	-4.1827
-16.986	-4.1560
-16.847	-4.1292
-16.709	-4.1025
-16.570	-4.0758
-16.432	-4.0490
-16.293	-4.0223
-16.155	-3.9956
-16.016	-3.9688
-15.878	-3.9421
-15.739	-3.9154
-15.601	-3.8886
-15.462	-3.8619
-15.323	-3.8352
-15.185	-3.8084
-15.046	-3.7817
-14.908	-3.7550
-14.769	-3.7282
-14.631	-3.7015
-14.492	-3.6748
-14.354	-3.6481
-14.215	-3.6213
-14.076	-3.5946
-13.938	-3.5679
-13.799	-3.5411
-13.661	-3.5144
-13.522	-3.4877
-13.384	-3.4609
-13.245	-3.4342
-13.107	-3.4075
-12.968	-3.3807
-12.829	-3.3540
-12.691	-3.3273
-12.552	-3.3005
-12.414	-3.2738
-12.275	-3.2471
-12.137	-3.2203
-12.012	-3.1936
-11.892	-3.1669
-11.772	-3.1402
-11.651	-3.1134
-11.531	-3.0867
-11.411	-3.0600
-11.290	-3.0332
-11.170	-3.0065
-11.050	-2.9798
-10.930	-2.9530
-10.809	-2.9263
-10.689	-2.8996
-10.569	-2.8728
-10.448	-2.8461
-10.328	-2.8194
-10.208	-2.7926
-10.087	-2.7659
-9.9670	-2.7392
-9.8466	-2.7124
-9.7263	-2.6857
-9.6060	-2.6590
-9.4857	-2.6323
-9.3654	-2.6055
-9.2451	-2.5788
-9.1247	-2.5521
-9.0044	-2.5253
-8.8841	-2.4986
-8.7638	-2.4719
-8.6435	-2.4451
-8.5231	-2.4184
-8.4028	-2.3917
-8.2825	-2.3649
-8.1618	-2.3382
-8.0314	-2.3115
-7.9010	-2.2847
-7.7706	-2.2580
-7.6402	-2.2313
-7.5098	-2.2045
-7.3794	-2.1778
-7.2489	-2.1511
-7.1185	-2.1244
-6.9881	-2.0976
-6.8577	-2.0709
-6.7273	-2.0442
-6.5969	-2.0174
-6.4665	-1.9907
-6.3361	-1.9640
-6.2057	-1.9373
-6.0753	-1.9106
-5.9448	-1.8839
-5.8144	-1.8572
-5.6797	-1.8305
-5.5360	-1.8037
-5.3923	-1.7770
-5.2486	-1.7503
-5.1049	-1.7236
-4.9612	-1.6969
-4.8175	-1.6702
-4.6738	-1.6435
-4.5300	-1.6168
-4.3863	-1.5900
-4.2426	-1.5633
-4.0989	-1.5366
-3.9552	-1.5099
-3.8115	-1.4832
-3.6678	-1.4565
-3.5241	-1.4298
-3.3804	-1.4031
-3.2367	-1.3763
-3.0930	-1.3496
-2.9493	-1.3229
-2.8055	-1.2962
-2.6618	-1.2695
-2.5181	-1.2428
-2.3744	-1.2161
-2.2307	-1.1893
-2.0870	-1.1626
-1.9433	-1.1359
-1.7996	-1.1092
-1.6559	-1.0825
-1.5122	-1.0558
-1.3685	-1.0291
-1.2248	-1.0024
-1.0811	-0.97564
-0.93735	-0.94893
-0.79364	-0.92222
-0.64993	-0.89550
-0.50622	-0.86879
-0.36252	-0.84208
-0.23419	-0.81537
-0.10753	-0.78865
0.019131	-0.76194
0.14579	-0.73523
0.27245	-0.70851
0.39912	-0.68180
0.52578	-0.65508
0.65244	-0.62835
0.77910	-0.60162
0.90576	-0.57489
1.0324	-0.54816
1.1591	-0.52143
1.2858	-0.49470
1.4124	-0.46797
1.5391	-0.44124
1.6657	-0.41451
1.7924	-0.38778
1.9191	-0.36105
2.0457	-0.33432
2.1724	-0.30760
2.2990	-0.28087
2.4257	-0.25414
2.5524	-0.22741
2.6790	-0.20068
2.8057	-0.17395
2.9324	-0.14722
3.0590	-0.12049
3.1857	-0.093760
3.3123	-0.067031
3.4390	-0.040301
3.5657	-0.013572
3.6923	0.013157
3.8190	0.039887
3.9457	0.066616
4.0723	0.093345
4.1990	0.12007
4.3256	0.14680
4.4523	0.17353
4.5790	0.20026
4.7056	0.22699
4.8323	0.25372
4.9589	0.28045
5.1030	0.30718
5.2513	0.33391
5.3997	0.36064
5.5480	0.38737
5.6963	0.41410
5.8447	0.44083
5.9930	0.46756
6.1413	0.49429
6.2897	0.52102
6.4380	0.54775
6.5863	0.57447
6.7347	0.60120
6.8830	0.62793
7.0314	0.65466
7.1797	0.68139
7.3280	0.70812
7.4764	0.73485
7.6247	0.76158
7.7730	0.78831
7.9214	0.81504
8.0697	0.84177
8.2180	0.86850
8.3664	0.89523
8.5147	0.92196
8.6631	0.94869
8.8114	0.97542
8.9597	1.0021
9.1081	1.0289
9.2564	1.0556
9.4047	1.0823
9.5531	1.1091
9.7014	1.1358
9.8497	1.1625
9.9981	1.1893
10.146	1.2160
10.295	1.2427
10.443	1.2694
10.591	1.2962
10.740	1.3229
10.888	1.3496
11.036	1.3763
11.185	1.4031
11.329	1.4298
11.471	1.4565
11.613	1.4832
11.754	1.5099
11.896	1.5366
12.038	1.5633
12.180	1.5900
12.322	1.6167
12.464	1.6434
12.606	1.6701
12.748	1.6968
12.890	1.7235
13.032	1.7502
13.174	1.7769
13.316	1.8036
13.458	1.8303
13.600	1.8570
13.742	1.8837
13.884	1.9104
14.026	1.9371
14.168	1.9638
14.310	1.9905
14.451	2.0172
14.593	2.0439
14.735	2.0706
14.877	2.0973
15.019	2.1240
15.161	2.1507
15.303	2.1774
15.445	2.2041
15.587	2.2308
15.729	2.2575
15.871	2.2842
16.013	2.3109
16.155	2.3376
16.297	2.3643
16.439	2.3910
16.581	2.4177
16.723	2.4445
16.865	2.4712
17.006	2.4979
17.148	2.5246
17.290	2.5513
17.433	2.5780
17.584	2.6047
17.736	2.6314
17.888	2.6581
18.039	2.6848
18.191	2.7115
18.343	2.7382
18.494	2.7649
18.646	2.7916
18.798	2.8183
18.949	2.8450
19.101	2.8717
19.253	2.8984
19.404	2.9251
19.556	2.9518
19.708	2.9785
19.860	3.0052
20.011	3.0319
20.163	3.0586
20.315	3.0853
20.466	3.1120
20.618	3.1387
20.770	3.1654
20.921	3.1921
21.073	3.2188
21.225	3.2455
21.376	3.2722
21.528	3.2989
21.680	3.3256
21.816	3.3523
21.952	3.3790
22.088	3.4057
22.224	3.4324
22.361	3.4591
22.497	3.4859
22.633	3.5126
22.769	3.5393
22.905	3.5660
23.041	3.5927
23.177	3.6194
23.313	3.6461
23.449	3.6728
23.585	3.6995
23.722	3.7262
23.858	3.7529
23.994	3.7796
24.130	3.8063
24.266	3.8330
24.402	3.8597
24.538	3.8864
24.674	3.9131
24.810	3.9398
24.946	3.9665
25.083	3.9932
25.219	4.0199
25.355	4.0466
25.491	4.0733
25.627	4.1000
25.763	4.1267
25.899	4.1534
26.035	4.1804
26.171	4.2074
26.307	4.2345
26.444	4.2615
26.580	4.2885
26.716	4.3156
26.852	4.3424
26.988	4.3692
27.124	4.3959
27.260	4.4227
27.396	4.4494
27.532	4.4761
27.668	4.5029
27.805	4.5296
27.941	4.5563
28.077	4.5831
28.213	4.6098
28.349	4.6365
28.485	4.6633
28.621	4.6900
28.757	4.7167
28.893	4.7435
29.029	4.7702
29.166	4.7969
29.302	4.8237
29.438	4.8504
29.574	4.8771
29.710	4.9039
29.846	4.9306
29.982	4.9574
30.118	4.9841
30.254	5.0108
30.390	5.0376
30.527	5.0643
30.663	5.0910
30.799	5.1178
30.935	5.1445
31.071	5.1712
31.207	5.1980
31.343	5.2247
31.479	5.2514
31.615	5.2782
31.751	5.3049
31.888	5.3316
32.024	5.3584
32.160	5.3851
32.296	5.4118
32.423	5.4386
32.550	5.4653
32.676	5.4921
32.803	5.5188
32.930	5.5455
33.057	5.5723
33.184	5.5990
33.311	5.6257
33.438	5.6525
33.565	5.6792
33.691	5.7059
33.818	5.7327
33.945	5.7594
34.072	5.7861
34.199	5.8129
34.326	5.8396
34.453	5.8663
34.580	5.8931
34.707	5.9198
34.833	5.9465
34.960	5.9733
35.087	6.0000
35.214	6.0268
35.341	6.0535
35.468	6.0802
35.595	6.1070
35.722	6.1337
35.849	6.1604
35.975	6.1872
36.102	6.2139
36.229	6.2406
36.356	6.2674
36.483	6.2941
36.610	6.3208
36.737	6.3476
36.864	6.3743
36.991	6.4010
37.117	6.4278
37.244	6.4545
37.371	6.4812
37.498	6.5080
37.625	6.5347
37.746	6.5614
37.866	6.5882
37.985	6.6149
38.105	6.6417
38.225	6.6684
38.345	6.6951
38.465	6.7219
38.585	6.7484
38.705	6.7734
38.825	6.7984
38.945	6.8234
39.065	6.8501
39.185	6.8769
39.305	6.9036
39.425	6.9303
39.545	6.9571
39.665	6.9838
39.785	7.0106
39.904	7.0373
40.024	7.0640
40.144	7.0908
40.264	7.1175
40.384	7.1442
40.504	7.1710
40.624	7.1977
40.744	7.2245
40.864	7.2502
40.984	7.2746
41.104	7.2949
41.257	7.3187
41.494	7.3531
41.732	7.3875
41.969	7.4205
42.206	7.4467
42.444	7.4728
42.681	7.4989
42.918	7.5250
43.156	7.5511
43.393	7.5772
43.630	7.6033
43.868	7.6294
44.105	7.6555
44.342	7.6816
44.580	7.7077
44.817	7.7338
44.957	7.7599
45.052	7.7860
45.148	7.8121
45.244	7.8382
45.339	7.8643
45.435	7.8904
45.531	7.9165
45.626	7.9426
45.722	7.9687
45.818	7.9950
45.913	8.0218
46.009	8.0486
46.105	8.0754
46.200	8.1022
46.296	8.1290
46.392	8.1558
46.488	8.1826
46.583	8.2094
46.679	8.2362
46.775	8.2629
46.870	8.2897
46.966	8.3165
47.062	8.3433
47.157	8.3701
47.253	8.3969
47.349	8.4237
47.444	8.4505
47.540	8.4773
47.636	8.5041
47.731	8.5309
47.827	8.5576
47.923	8.5844
48.018	8.6112
48.114	8.6380
48.210	8.6648
48.305	8.6916
48.401	8.7184
48.497	8.7452
48.592	8.7720
48.688	8.7988
48.795	8.8256
48.968	8.8524
49.141	8.8791
49.314	8.9059
49.487	8.9327
49.660	8.9595
49.833	8.9863
50.006	9.0131
50.179	9.0399
50.352	9.0667
50.525	9.0935
50.698	9.1203
50.871	9.1471
51.044	9.1738
51.217	9.2006
51.390	9.2274
51.563	9.2542
51.736	9.2810
51.909	9.3078
52.082	9.3346
52.255	9.3614
52.428	9.3882
52.601	9.4150
52.774	9.4418
52.947	9.4685
53.120	9.4953
53.293	9.5221
53.466	9.5489
53.639	9.5757
53.812	9.6025
53.985	9.6293
54.158	9.6561
54.331	9.6829
54.504	9.7097
54.677	9.7365
54.850	9.7632
54.980	9.7900
55.004	9.8168
55.028	9.8436
55.052	9.8704
55.076	9.8972
55.100	9.9240
55.124	9.9508
55.148	9.9776
55.172	10.000
55.195	10.019
55.219	10.004
54.398	9.9807
52.141	9.9474
51.457	9.9141
51.138	9.8830
50.820	9.8581
50.502	9.8332
50.184	9.8084
49.866	9.7835
49.548	9.7586
49.230	9.7338
48.912	9.7089
48.594	9.6840
48.276	9.6592
47.958	9.6343
47.640	9.6094
47.322	9.5845
47.140	9.5597
46.998	9.5344
46.855	9.5077
46.712	9.4810
46.569	9.4543
46.427	9.4275
46.284	9.4008
46.141	9.3741
45.999	9.3474
45.856	9.3207
45.713	9.2940
45.570	9.2673
45.428	9.2406
45.285	9.2138
45.142	9.1871
45.000	9.1604
44.857	9.1337
44.714	9.1070
44.571	9.0803
44.429	9.0536
44.286	9.0268
44.143	9.0001
44.001	8.9734
43.858	8.9467
43.715	8.9200
43.572	8.8933
43.430	8.8666
43.287	8.8398
43.144	8.8131
43.002	8.7864
42.859	8.7597
42.716	8.7330
42.573	8.7063
42.431	8.6796
42.288	8.6528
42.145	8.6261
42.003	8.5994
41.860	8.5727
41.717	8.5460
41.574	8.5193
41.432	8.4926
41.289	8.4659
41.146	8.4391
41.004	8.4124
40.861	8.3857
40.718	8.3590
40.575	8.3323
40.433	8.3056
40.290	8.2789
40.147	8.2521
40.005	8.2254
39.862	8.1987
39.719	8.1720
39.576	8.1453
39.434	8.1186
39.291	8.0919
39.148	8.0651
39.005	8.0384
38.863	8.0117
38.720	7.9850
38.577	7.9583
38.435	7.9316
38.292	7.9049
38.149	7.8782
38.006	7.8514
37.864	7.8247
37.721	7.7980
37.578	7.7713
37.436	7.7446
37.293	7.7179
37.150	7.6912
37.007	7.6644
36.865	7.6377
36.722	7.6110
36.579	7.5843
36.437	7.5576
36.294	7.5309
36.151	7.5042
36.008	7.4774
35.866	7.4507
35.723	7.4240
35.580	7.3973
35.438	7.3706
35.295	7.3439
35.152	7.3172
35.009	7.2904
34.867	7.2637
34.724	7.2370
34.581	7.2103
34.439	7.1836
34.296	7.1569
34.153	7.1302
34.010	7.1035
33.868	7.0767
33.725	7.0500
33.582	7.0233
33.440	6.9966
33.297	6.9699
33.154	6.9432
33.011	6.9165
32.869	6.8897
32.726	6.8630
32.583	6.8363
32.441	6.8096
32.298	6.7829
32.155	6.7562
32.012	6.7295
31.870	6.7027
31.727	6.6760
31.584	6.6493
31.442	6.6226
31.299	6.5959
31.156	6.5692
31.013	6.5425
30.871	6.5158
30.728	6.4890
30.585	6.4623
30.443	6.4356
30.300	6.4089
30.157	6.3822
30.014	6.3555
29.872	6.3288
29.729	6.3020
29.586	6.2753
29.444	6.2486
29.301	6.2219
29.158	6.1952
29.015	6.1685
28.873	6.1418
28.730	6.1150
28.587	6.0883
28.444	6.0616
28.302	6.0349
28.159	6.0082
28.016	5.9815
27.874	5.9548
27.731	5.9280
27.588	5.9013
27.445	5.8746
27.303	5.8479
27.160	5.8212
27.017	5.7945
26.875	5.7678
26.732	5.7411
26.589	5.7143
26.446	5.6876
26.304	5.6609
26.161	5.6342
26.018	5.6075
25.876	5.5808
25.733	5.5541
25.590	5.5273
25.447	5.5006
25.305	5.4739
25.162	5.4472
25.019	5.4205
24.877	5.3938
24.734	5.3671
24.591	5.3403
24.448	5.3136
24.306	5.2869
24.163	5.2602
24.020	5.2335
23.878	5.2068
23.735	5.1801
23.592	5.1534
23.449	5.1266
23.307	5.0999
23.164	5.0732
23.021	5.0465
22.879	5.0198
22.736	4.9931
22.593	4.9664
22.450	4.9396
22.308	4.9129
22.165	4.8862
22.022	4.8595
21.880	4.8328
21.737	4.8061
21.594	4.7794
21.451	4.7526
21.309	4.7259
21.166	4.6992
21.023	4.6725
20.881	4.6458
20.738	4.6191
20.595	4.5924
20.452	4.5657
20.310	4.5389
20.167	4.5122
20.024	4.4855
19.882	4.4588
19.739	4.4321
19.596	4.4054
19.453	4.3787
19.311	4.3519
19.168	4.3252
19.025	4.2985
18.883	4.2718
18.740	4.2451
18.597	4.2184
18.454	4.1917
18.312	4.1649
18.169	4.1382
18.026	4.1115
17.884	4.0848
17.741	4.0581
17.598	4.0314
17.455	4.0047
17.313	3.9779
17.170	3.9512
17.027	3.9245
16.884	3.8978
16.742	3.8711
16.599	3.8444
16.456	3.8177
16.314	3.7910
16.171	3.7642
16.028	3.7375
15.885	3.7108
15.743	3.6841
15.600	3.6574
15.457	3.6307
15.315	3.6040
15.172	3.5772
15.029	3.5505
14.888	3.5238
14.748	3.4971
14.607	3.4704
14.467	3.4437
14.327	3.4170
14.186	3.3902
14.046	3.3635
13.906	3.3368
13.765	3.3101
13.625	3.2834
13.484	3.2567
13.344	3.2300
13.204	3.2033
13.063	3.1765
12.923	3.1498
12.783	3.1231
12.642	3.0964
12.502	3.0697
12.362	3.0430
12.221	3.0163
12.081	2.9895
11.940	2.9628
11.800	2.9361
11.660	2.9094
11.519	2.8827
11.379	2.8560
11.239	2.8293
11.098	2.8025
10.958	2.7758
10.818	2.7491
10.677	2.7224
10.537	2.6957
10.396	2.6690
10.256	2.6423
10.116	2.6155
9.9754	2.5888
9.8350	2.5621
9.6946	2.5354
9.5543	2.5087
9.4139	2.4820
9.2736	2.4553
9.1332	2.4286
8.9928	2.4018
8.8525	2.3751
8.7121	2.3484
8.5717	2.3217
8.4314	2.2950
8.2910	2.2683
8.1506	2.2416
8.0103	2.2148
7.8699	2.1881
7.7296	2.1614
7.5892	2.1347
7.4488	2.1080
7.3085	2.0813
7.1681	2.0546
7.0277	2.0278
6.8874	2.0011
6.7470	1.9744
6.6067	1.9477
6.4663	1.9210
6.3259	1.8943
6.1856	1.8676
6.0452	1.8409
5.9048	1.8141
5.7645	1.7874
5.6241	1.7607
5.4837	1.7340
5.3434	1.7073
5.2030	1.6806
5.0627	1.6539
4.9223	1.6271
4.7819	1.6004
4.6416	1.5737
4.5012	1.5470
4.3608	1.5203
4.2205	1.4936
4.0801	1.4669
3.9398	1.4401
3.7994	1.4134
3.6590	1.3867
3.5187	1.3600
3.3783	1.3333
3.2379	1.3066
3.0976	1.2799
2.9572	1.2531
2.8169	1.2264
2.6765	1.1997
2.5361	1.1730
2.3958	1.1463
2.2554	1.1196
2.1150	1.0929
1.9747	1.0662
1.8343	1.0394
1.6939	1.0127
1.5536	0.98601
1.4132	0.95930
1.2729	0.93258
1.1325	0.90587
0.99213	0.87916
0.85177	0.85068
0.71140	0.82198
0.57104	0.79328
0.43068	0.76612
0.29031	0.73942
0.14995	0.71272
0.0095885	0.68602
-0.13077	0.65932
-0.27114	0.63261
-0.41150	0.60591
-0.55186	0.57921
-0.69223	0.55251
-0.83259	0.52581
-0.97295	0.49911
-1.1133	0.47241
-1.2537	0.44571
-1.3940	0.41901
-1.5344	0.39230
-1.6748	0.36560
-1.8151	0.33890
-1.9555	0.31220
-2.0959	0.28550
-2.2362	0.25880
-2.3766	0.23210
-2.5169	0.20540
-2.6573	0.17870
-2.7977	0.15199
-2.9380	0.12529
-3.0784	0.098592
-3.2188	0.071891
-3.3591	0.045190
-3.4995	0.018489
-3.6399	-0.0082124
-3.7802	-0.034913
-3.9206	-0.061615
-4.0609	-0.088316
-4.2013	-0.11502
-4.3417	-0.14172
-4.4820	-0.16842
-4.6224	-0.19512
-4.7628	-0.22182
-4.9031	-0.24852
-5.0435	-0.27522
-5.1838	-0.30192
-5.3242	-0.32863
-5.4646	-0.35533
-5.6049	-0.38203
-5.7453	-0.40873
-5.8857	-0.43543
-6.0260	-0.46213
-6.1664	-0.48883
-6.3068	-0.51553
-6.4471	-0.54223
-6.5875	-0.56894
-6.7278	-0.59564
-6.8682	-0.62234
-7.0086	-0.64904
-7.1489	-0.67574
-7.2893	-0.70244
-7.4297	-0.72914
-7.5700	-0.75584
-7.7104	-0.78255
-7.8507	-0.80925
-7.9911	-0.83595
-8.1315	-0.86265
-8.2718	-0.88935
-8.4122	-0.91605
-8.5526	-0.94275
-8.6929	-0.96945
-8.8333	-0.99615
-8.9737	-1.0229
-9.1140	-1.0496
-9.2544	-1.0763
-9.3947	-1.1030
-9.5351	-1.1297
-9.6755	-1.1564
-9.8158	-1.1831
-9.9562	-1.2098
-10.097	-1.2365
-10.237	-1.2632
-10.377	-1.2899
-10.518	-1.3166
-10.658	-1.3433
-10.798	-1.3700
-10.939	-1.3967
-11.079	-1.4234
-11.219	-1.4501
-11.360	-1.4768
-11.500	-1.5035
-11.641	-1.5302
-11.781	-1.5569
-11.921	-1.5836
-12.062	-1.6103
-12.202	-1.6367
-12.342	-1.6627
-12.483	-1.6886
-12.623	-1.7145
-12.763	-1.7405
-12.904	-1.7669
-13.044	-1.7936
-13.185	-1.8204
-13.325	-1.8471
-13.465	-1.8738
-13.606	-1.9005
-13.746	-1.9272
-13.886	-1.9540
-14.029	-1.9807
-14.172	-2.0074
-14.314	-2.0341
-14.457	-2.0608
-14.600	-2.0876
-14.743	-2.1143
-14.886	-2.1410
-15.029	-2.1677
-15.171	-2.1944
-15.314	-2.2212
-15.457	-2.2479
-15.600	-2.2746
-15.743	-2.3013
-15.886	-2.3280
-16.028	-2.3548
-16.171	-2.3815
-16.314	-2.4082
-16.457	-2.4349
-16.600	-2.4616
-16.743	-2.4884
-16.885	-2.5151
-17.028	-2.5418
-17.171	-2.5685
-17.314	-2.5952
-17.457	-2.6220
-17.599	-2.6487
-17.742	-2.6754
-17.885	-2.7021
-18.028	-2.7288
-18.171	-2.7555
-18.314	-2.7823
-18.456	-2.8090
-18.599	-2.8357
-18.742	-2.8624
-18.885	-2.8891
-19.028	-2.9159
-19.171	-2.9426
-19.313	-2.9693
-19.456	-2.9960
-19.599	-3.0227
-19.742	-3.0495
-19.885	-3.0762
-20.028	-3.1029
-20.170	-3.1296
-20.313	-3.1563
-20.456	-3.1831
-20.599	-3.2098
-20.742	-3.2365
-20.885	-3.2632
-21.027	-3.2899
-21.170	-3.3167
-21.313	-3.3434
-21.456	-3.3701
-21.599	-3.3968
-21.741	-3.4235
-21.884	-3.4503
-22.027	-3.4770
-22.170	-3.5037
-22.313	-3.5304
-22.456	-3.5571
-22.598	-3.5839
-22.741	-3.6106
-22.884	-3.6373
-23.027	-3.6640
-23.170	-3.6907
-23.313	-3.7175
-23.455	-3.7442
-23.598	-3.7709
-23.741	-3.7976
-23.884	-3.8243
-24.027	-3.8511
-24.170	-3.8778
-24.312	-3.9045
-24.455	-3.9312
-24.598	-3.9579
-24.741	-3.9847
-24.884	-4.0114
-25.026	-4.0381
-25.169	-4.0648
-25.312	-4.0915
-25.455	-4.1183
-25.598	-4.1450
-25.741	-4.1717
-25.883	-4.1984
-26.026	-4.2251
-26.169	-4.2519
-26.312	-4.2786
-26.455	-4.3053
-26.598	-4.3320
-26.740	-4.3587
-26.883	-4.3855
-27.026	-4.4122
-27.169	-4.4389
-27.312	-4.4656
-27.455	-4.4923
-27.597	-4.5191
-27.740	-4.5458
-27.883	-4.5725
-28.026	-4.5992
-28.169	-4.6259
-28.311	-4.6527
-28.454	-4.6794
-28.597	-4.7061
-28.740	-4.7328
-28.883	-4.7595
-29.026	-4.7863
-29.168	-4.8130
-29.311	-4.8397
-29.454	-4.8664
-29.597	-4.8931
-29.740	-4.9199
-29.883	-4.9466
-30.025	-4.9733
-30.168	-5.0000
-30.311	-5.0267
-30.454	-5.0534
-30.597	-5.0802
-30.740	-5.1069
-30.882	-5.1336
-31.025	-5.1603
-31.168	-5.1870
-31.311	-5.2138
-31.454	-5.2405
-31.597	-5.2672
-31.739	-5.2939
-31.882	-5.3206
-32.025	-5.3474
-32.168	-5.3741
-32.311	-5.4008
-32.453	-5.4275
-32.596	-5.4542
-32.739	-5.4810
-32.882	-5.5077
-33.025	-5.5344
-33.168	-5.5611
-33.310	-5.5878
-33.453	-5.6146
-33.596	-5.6413
-33.739	-5.6680
-33.882	-5.6947
-34.025	-5.7214
-34.169	-5.7482
-34.313	-5.7749
-34.457	-5.8016
-34.601	-5.8283
-34.745	-5.8550
-34.889	-5.8818
-35.033	-5.9085
-35.177	-5.9352
-35.321	-5.9619
-35.465	-5.9886
-35.608	-6.0154
-35.752	-6.0421
-35.896	-6.0688
-36.040	-6.0955
-36.184	-6.1222
-36.328	-6.1490
-36.472	-6.1757
-36.616	-6.2024
-36.760	-6.2291
-36.904	-6.2558
-37.048	-6.2826
-37.192	-6.3093
-37.336	-6.3360
-37.480	-6.3627
-37.624	-6.3894
-37.767	-6.4162
-37.911	-6.4429
-38.055	-6.4696
-38.199	-6.4963
-38.343	-6.5230
-38.487	-6.5498
-38.631	-6.5765
-38.775	-6.6032
-38.919	-6.6299
-39.063	-6.6566
-39.207	-6.6834
-39.351	-6.7101
-39.495	-6.7368
-39.639	-6.7635
-39.783	-6.7902
-39.927	-6.8170
-40.070	-6.8437
-40.214	-6.8704
-40.358	-6.8971
-40.502	-6.9238
-40.646	-6.9506
-40.790	-6.9773
-40.934	-7.0040
-41.078	-7.0307
-41.222	-7.0574
-41.366	-7.0842
-41.510	-7.1109
-41.654	-7.1376
-41.798	-7.1643
-41.942	-7.1911
-42.086	-7.2178
-42.230	-7.2445
-42.373	-7.2713
-42.517	-7.2980
-42.661	-7.3248
-42.805	-7.3515
-42.949	-7.3782
-43.093	-7.4050
-43.239	-7.4317
-43.386	-7.4584
-43.532	-7.4852
-43.679	-7.5119
-43.826	-7.5386
-43.973	-7.5654
-44.120	-7.5921
-44.266	-7.6188
-44.413	-7.6456
-44.560	-7.6723
-44.707	-7.6991
-44.853	-7.7258
-45.000	-7.7525
-45.147	-7.7793
-45.294	-7.8060
-45.441	-7.8327
-45.587	-7.8595
-45.734	-7.8862
-45.881	-7.9129
-46.028	-7.9397
-46.175	-7.9664
-46.321	-7.9932
-46.468	-8.0199
-46.615	-8.0466
-46.762	-8.0734
-46.908	-8.1001
-47.055	-8.1268
-47.202	-8.1536
-47.349	-8.1803
-47.496	-8.2070
-47.642	-8.2338
-47.789	-8.2605
-47.936	-8.2872
-48.083	-8.3140
-48.230	-8.3407
-48.376	-8.3675
-48.523	-8.3942
-48.670	-8.4209
-48.817	-8.4477
-48.964	-8.4744
-49.115	-8.5011
-49.358	-8.5279
-49.601	-8.5546
-49.845	-8.5813
-50.088	-8.6081
-50.298	-8.6348
-50.451	-8.6616
-50.604	-8.6883
-50.757	-8.7150
-50.910	-8.7418
-51.063	-8.7685
-51.216	-8.7952
-51.369	-8.8220
-51.522	-8.8487
-51.675	-8.8754
-51.828	-8.9022
-51.981	-8.9289
-52.134	-8.9557
-52.287	-8.9824
-52.440	-9.0091
-52.593	-9.0359
-52.746	-9.0626
-52.899	-9.0893
-53.052	-9.1161
-53.205	-9.1428
-53.358	-9.1695
-53.511	-9.1963
-53.664	-9.2230
-53.817	-9.2497
-53.970	-9.2765
-54.123	-9.3032
-54.276	-9.3300
-54.429	-9.3567
-54.582	-9.3834
-54.735	-9.4102
-54.888	-9.4369
-55.041	-9.4636
-55.194	-9.4904
-55.347	-9.5171
-55.500	-9.5438
-55.653	-9.5706
-55.806	-9.5973
-55.959	-9.6241
-56.112	-9.6508
-56.265	-9.6775
-56.418	-9.7043
-56.571	-9.7310
-56.724	-9.7577
-56.877	-9.7845
-57.030	-9.8112
-57.183	-9.8379
-57.337	-9.8647
-57.490	-9.8914
-57.643	-9.9181
-57.796	-9.9449
-57.949	-9.9684
-58.102	-9.9884
-58.255	-10.008
-58.211	-10.013
-57.809	-9.9914
-51.943	-9.9543
-46.067	-9.9183
-44.653	-9.8982
-43.957	-9.8781
-43.602	-9.8577
-43.247	-9.8352
-42.891	-9.8126
-42.536	-9.7901
