Load (N)	Extension (mm)
	
	
	
	
9.6235	
9.6263	0.043945
9.6290	0.043945
9.6318	0.043945
9.6345	0.043945
9.6372	0.043945
9.6400	0.043945
9.6427	0.043945
9.6455	0.043945
9.6482	0.043945
9.6509	0.043945
9.6537	0.043945
9.6564	0.043945
9.6592	0.043945
9.6619	0.043945
9.6647	0.043945
9.6674	0.043945
9.6701	0.043945
9.6729	0.043945
9.6756	0.043945
9.6784	0.043945
9.6811	0.043945
9.6838	0.043945
9.6866	0.043945
9.6893	0.043945
9.6921	0.043945
9.6948	0.043945
9.6975	0.043945
9.7003	0.043945
9.7030	0.043945
9.7058	0.043945
9.7085	0.043945
9.7112	0.043945
9.7140	0.043945
9.7167	0.043945
9.7195	0.043945
9.7222	0.042893
9.7249	0.037908
9.3732	0.021996
8.7493	-0.00091904
6.2305	-0.033899
4.4924	-0.061107
3.7629	-0.080857
3.0334	-0.078416
3.0653	-0.069227
5.3429	-0.052161
8.4050	-0.048036
11.449	-0.051402
8.9302	-0.066358
6.4111	-0.082324
3.8921	-0.099389
3.0955	-0.11424
2.5184	-0.12423
1.9414	-0.12327
3.1647	-0.11894
5.1455	-0.11372
7.1264	-0.11276
7.7034	-0.11490
6.9880	-0.11989
6.2726	-0.14108
4.8877	-0.16462
2.1888	-0.19031
1.3698	-0.21302
1.1908	-0.23470
1.0118	-0.25639
0.83277	-0.27972
0.65376	-0.30434
0.47475	-0.32895
0.29574	-0.35357
0.11673	-0.37818
-0.062277	-0.40414
-0.24129	-0.43047
-0.42030	-0.45679
-0.59930	-0.48311
-0.77831	-0.50943
-0.95732	-0.53575
-1.1363	-0.56207
-1.3153	-0.58839
-1.4944	-0.61472
-1.6734	-0.64104
-1.8524	-0.66736
-2.0314	-0.69368
-2.2104	-0.72000
-2.3894	-0.74632
-2.5684	-0.77264
-2.7474	-0.79897
-2.9264	-0.82529
-3.1054	-0.85161
-3.2844	-0.87793
-3.4635	-0.90425
-3.6425	-0.93057
-3.8215	-0.95689
-4.0005	-0.98322
-4.1795	-1.0095
-4.3585	-1.0359
-4.5375	-1.0623
-4.7165	-1.0886
-4.8955	-1.1150
-5.0745	-1.1414
-5.2535	-1.1678
-5.4326	-1.1941
-5.6116	-1.2205
-5.7906	-1.2469
-5.9696	-1.2733
-6.1486	-1.2996
-6.3276	-1.3260
-6.5066	-1.3524
-6.6856	-1.3787
-6.8646	-1.4051
-7.0436	-1.4315
-7.2226	-1.4579
-7.4017	-1.4842
-7.5807	-1.5105
-7.7597	-1.5367
-7.9387	-1.5630
-8.1177	-1.5892
-8.2967	-1.6155
-8.4757	-1.6418
-8.6547	-1.6680
-8.8337	-1.6943
-9.0127	-1.7206
-9.1918	-1.7473
-9.3708	-1.7741
-9.5498	-1.8009
-9.7288	-1.8270
-9.9078	-1.8527
-10.087	-1.8783
-10.266	-1.9040
-10.445	-1.9297
-10.624	-1.9567
-10.803	-1.9838
-10.982	-2.0108
-11.161	-2.0379
-11.340	-2.0649
-11.519	-2.0911
-11.698	-2.1174
-11.877	-2.1436
-12.056	-2.1698
-12.235	-2.1960
-12.414	-2.2223
-12.593	-2.2485
-12.772	-2.2747
-12.951	-2.3009
-13.130	-2.3270
-13.309	-2.3530
-13.460	-2.3789
-13.611	-2.4049
-13.762	-2.4308
-13.913	-2.4568
-14.064	-2.4828
-14.215	-2.5090
-14.366	-2.5352
-14.517	-2.5615
-14.668	-2.5877
-14.819	-2.6139
-14.970	-2.6402
-15.121	-2.6664
-15.272	-2.6926
-15.423	-2.7189
-15.574	-2.7451
-15.725	-2.7714
-15.876	-2.7976
-16.027	-2.8238
-16.178	-2.8501
-16.329	-2.8763
-16.480	-2.9025
-16.631	-2.9288
-16.782	-2.9550
-16.933	-2.9812
-17.084	-3.0075
-17.235	-3.0336
-17.386	-3.0596
-17.537	-3.0857
-17.688	-3.1117
-17.839	-3.1377
-17.990	-3.1643
-18.141	-3.1911
-18.292	-3.2179
-18.443	-3.2447
-18.594	-3.2715
-18.745	-3.2975
-18.896	-3.3234
-19.047	-3.3494
-19.198	-3.3754
-19.349	-3.4013
-19.500	-3.4273
-19.651	-3.4533
-19.802	-3.4794
-19.953	-3.5054
-20.104	-3.5315
-20.255	-3.5575
-20.406	-3.5836
-20.557	-3.6097
-20.708	-3.6357
-20.859	-3.6618
-21.010	-3.6878
-21.161	-3.7139
-21.312	-3.7399
-21.463	-3.7660
-21.614	-3.7920
-21.765	-3.8181
-21.916	-3.8441
-22.067	-3.8702
-22.218	-3.8963
-22.369	-3.9223
-22.520	-3.9484
-22.671	-3.9744
-22.822	-4.0006
-22.973	-4.0267
-23.124	-4.0529
-23.275	-4.0791
-23.426	-4.1052
-23.577	-4.1314
-23.728	-4.1575
-23.879	-4.1837
-24.030	-4.2099
-24.181	-4.2360
-24.332	-4.2622
-24.483	-4.2883
-24.634	-4.3145
-24.785	-4.3407
-24.936	-4.3668
-25.087	-4.3930
-25.238	-4.4191
-25.389	-4.4453
-25.540	-4.4715
-25.691	-4.4976
-25.842	-4.5238
-25.993	-4.5499
-26.144	-4.5761
-26.295	-4.6023
-26.446	-4.6284
-26.597	-4.6546
-26.748	-4.6807
-26.899	-4.7069
-27.050	-4.7331
-27.201	-4.7592
-27.352	-4.7854
-27.503	-4.8116
-27.654	-4.8377
-27.805	-4.8639
-27.956	-4.8900
-28.107	-4.9162
-28.258	-4.9424
-28.409	-4.9685
-28.560	-4.9947
-28.711	-5.0208
-28.862	-5.0470
-29.013	-5.0732
-29.164	-5.0993
-29.315	-5.1255
-29.466	-5.1516
-29.617	-5.1778
-29.768	-5.2040
-29.919	-5.2301
-30.070	-5.2563
-30.221	-5.2824
-30.372	-5.3086
-30.523	-5.3348
-30.674	-5.3609
-30.825	-5.3871
-30.976	-5.4132
-31.127	-5.4394
-31.278	-5.4656
-31.429	-5.4917
-31.580	-5.5179
-31.731	-5.5440
-31.882	-5.5702
-32.033	-5.5964
-32.184	-5.6225
-32.335	-5.6487
-32.486	-5.6748
-32.637	-5.7010
-32.788	-5.7272
-32.939	-5.7533
-33.090	-5.7795
-33.241	-5.8057
-33.392	-5.8318
-33.543	-5.8580
-33.694	-5.8841
-33.845	-5.9103
-33.996	-5.9365
-34.147	-5.9626
-34.298	-5.9888
-34.449	-6.0149
-34.600	-6.0411
-34.751	-6.0673
-34.902	-6.0934
-35.053	-6.1196
-35.204	-6.1457
-35.355	-6.1719
-35.506	-6.1981
-35.657	-6.2242
-35.808	-6.2504
-35.959	-6.2765
-36.110	-6.3027
-36.261	-6.3289
-36.412	-6.3550
-36.563	-6.3812
-36.714	-6.4073
-36.865	-6.4335
-37.016	-6.4597
-37.167	-6.4858
-37.318	-6.5120
-37.469	-6.5381
-37.620	-6.5643
-37.771	-6.5905
-37.922	-6.6166
-38.073	-6.6428
-38.224	-6.6690
-38.375	-6.6951
-38.526	-6.7213
-38.677	-6.7474
-38.828	-6.7736
-38.979	-6.7998
-39.130	-6.8259
-39.281	-6.8521
-39.432	-6.8782
-39.583	-6.9044
-39.734	-6.9306
-39.885	-6.9567
-40.036	-6.9829
-40.187	-7.0090
-40.338	-7.0352
-40.489	-7.0614
-40.640	-7.0875
-40.791	-7.1137
-40.942	-7.1398
-41.093	-7.1660
-41.244	-7.1922
-41.395	-7.2183
-41.546	-7.2445
-41.697	-7.2706
-41.848	-7.2968
-41.999	-7.3230
-42.150	-7.3491
-42.301	-7.3753
-42.452	-7.4014
-42.603	-7.4276
-42.754	-7.4544
-42.905	-7.4812
-43.056	-7.5081
-43.203	-7.5350
-43.348	-7.5619
-43.494	-7.5888
-43.639	-7.6153
-43.784	-7.6415
-43.930	-7.6676
-44.075	-7.6937
-44.220	-7.7198
-44.366	-7.7460
-44.511	-7.7721
-44.656	-7.7982
-44.802	-7.8243
-44.947	-7.8504
-45.093	-7.8766
-45.238	-7.9027
-45.383	-7.9288
-45.529	-7.9549
-45.674	-7.9811
-45.819	-8.0072
-45.965	-8.0333
-46.110	-8.0594
-46.255	-8.0856
-46.401	-8.1117
-46.546	-8.1378
-46.691	-8.1639
-46.837	-8.1900
-46.982	-8.2162
-47.127	-8.2423
-47.273	-8.2684
-47.418	-8.2945
-47.563	-8.3207
-47.709	-8.3468
-47.854	-8.3729
-47.999	-8.3990
-48.145	-8.4252
-48.290	-8.4513
-48.435	-8.4774
-48.581	-8.5035
-48.726	-8.5296
-48.872	-8.5558
-49.017	-8.5819
-49.162	-8.6080
-49.308	-8.6341
-49.453	-8.6603
-49.598	-8.6864
-49.744	-8.7125
-49.889	-8.7386
-50.034	-8.7648
-50.180	-8.7909
-50.325	-8.8170
-50.470	-8.8431
-50.616	-8.8692
-50.761	-8.8954
-50.906	-8.9215
-51.052	-8.9476
-51.197	-8.9737
-51.342	-8.9999
-51.488	-9.0260
-51.633	-9.0521
-51.778	-9.0782
-51.924	-9.1043
-52.069	-9.1305
-52.214	-9.1566
-52.360	-9.1827
-52.505	-9.2088
-52.650	-9.2350
-52.796	-9.2611
-52.941	-9.2872
-53.087	-9.3133
-53.232	-9.3395
-53.377	-9.3656
-53.523	-9.3917
-53.668	-9.4178
-53.813	-9.4439
-53.959	-9.4701
-54.104	-9.4962
-54.254	-9.5223
-54.418	-9.5484
-54.583	-9.5746
-54.748	-9.6007
-54.912	-9.6268
-55.077	-9.6529
-55.241	-9.6791
-55.406	-9.7052
-55.570	-9.7313
-55.735	-9.7574
-55.899	-9.7835
-56.064	-9.8097
-56.229	-9.8358
-56.393	-9.8619
-56.558	-9.8880
-56.722	-9.9142
-56.887	-9.9403
-57.051	-9.9664
-57.216	-9.9925
-57.381	-10.016
-57.545	-10.026
-56.900	-10.027
-55.583	-10.021
-51.976	-10.014
-48.970	-10.010
-47.207	-10.010
-46.771	-10.009
-46.730	-10.009
-46.688	-10.009
-46.646	-10.008
-46.605	-10.008
-46.563	-10.007
-46.521	-10.007
-46.479	-10.006
-46.438	-9.9958
-45.803	-9.9805
-43.094	-9.9575
-41.831	-9.9345
-41.415	-9.9115
-41.000	-9.8885
-40.584	-9.8655
-40.168	-9.8425
-39.753	-9.8195
-39.337	-9.7956
-38.921	-9.7694
-38.506	-9.7433
-38.090	-9.7171
-37.674	-9.6909
-37.259	-9.6647
-36.843	-9.6386
-36.427	-9.6124
-36.111	-9.5862
-36.018	-9.5600
-35.926	-9.5339
-35.834	-9.5077
-35.742	-9.4815
-35.650	-9.4553
-35.558	-9.4291
-35.466	-9.4030
-35.373	-9.3768
-35.281	-9.3506
-35.189	-9.3244
-35.097	-9.2983
-35.005	-9.2721
-34.913	-9.2459
-34.820	-9.2197
-34.728	-9.1936
-34.636	-9.1674
-34.544	-9.1412
-34.452	-9.1150
-34.360	-9.0889
-34.268	-9.0627
-34.175	-9.0365
-34.083	-9.0103
-33.991	-8.9841
-33.899	-8.9580
-33.807	-8.9318
-33.715	-8.9056
-33.622	-8.8794
-33.530	-8.8533
-33.438	-8.8271
-33.346	-8.8009
-33.254	-8.7747
-33.162	-8.7486
-33.070	-8.7224
-32.977	-8.6962
-32.885	-8.6700
-32.793	-8.6438
-32.701	-8.6177
-32.609	-8.5915
-32.517	-8.5653
-32.424	-8.5391
-32.332	-8.5130
-32.240	-8.4868
-32.148	-8.4606
-32.056	-8.4344
-31.964	-8.4083
-31.872	-8.3821
-31.779	-8.3559
-31.687	-8.3297
-31.595	-8.3036
-31.503	-8.2774
-31.411	-8.2512
-31.319	-8.2250
-31.226	-8.1988
-31.134	-8.1727
-31.042	-8.1465
-30.950	-8.1203
-30.858	-8.0941
-30.766	-8.0680
-30.674	-8.0418
-30.581	-8.0156
-30.489	-7.9894
-30.397	-7.9633
-30.305	-7.9371
-30.213	-7.9109
-30.121	-7.8847
-30.028	-7.8585
-29.936	-7.8324
-29.844	-7.8062
-29.752	-7.7800
-29.660	-7.7538
-29.568	-7.7277
-29.435	-7.7015
-29.284	-7.6753
-29.133	-7.6491
-28.982	-7.6230
-28.831	-7.5968
-28.680	-7.5706
-28.529	-7.5444
-28.378	-7.5183
-28.227	-7.4921
-28.076	-7.4659
-27.925	-7.4397
-27.774	-7.4135
-27.623	-7.3874
-27.472	-7.3612
-27.321	-7.3350
-27.170	-7.3088
-27.019	-7.2827
-26.868	-7.2565
-26.717	-7.2303
-26.566	-7.2041
-26.415	-7.1780
-26.264	-7.1518
-26.113	-7.1256
-25.962	-7.0994
-25.811	-7.0732
-25.660	-7.0471
-25.509	-7.0209
-25.358	-6.9947
-25.207	-6.9685
-25.056	-6.9424
-24.905	-6.9162
-24.754	-6.8900
-24.603	-6.8638
-24.452	-6.8377
-24.301	-6.8115
-24.150	-6.7853
-23.999	-6.7591
-23.848	-6.7330
-23.697	-6.7068
-23.546	-6.6806
-23.395	-6.6544
-23.244	-6.6282
-23.093	-6.6021
-22.942	-6.5759
-22.791	-6.5497
-22.640	-6.5235
-22.489	-6.4974
-22.338	-6.4712
-22.187	-6.4450
-22.036	-6.4188
-21.885	-6.3927
-21.734	-6.3665
-21.583	-6.3403
-21.432	-6.3141
-21.281	-6.2880
-21.130	-6.2618
-20.979	-6.2356
-20.828	-6.2094
-20.677	-6.1832
-20.526	-6.1571
-20.375	-6.1309
-20.224	-6.1047
-20.073	-6.0785
-19.922	-6.0524
-19.771	-6.0262
-19.620	-6.0000
-19.469	-5.9738
-19.318	-5.9477
-19.167	-5.9215
-19.016	-5.8953
-18.865	-5.8691
-18.714	-5.8429
-18.563	-5.8168
-18.412	-5.7906
-18.261	-5.7644
-18.110	-5.7382
-17.861	-5.7121
-17.374	-5.6859
-16.887	-5.6597
-16.441	-5.6335
-16.333	-5.6074
-16.225	-5.5812
-16.117	-5.5550
-16.009	-5.5288
-15.901	-5.5027
-15.793	-5.4765
-15.685	-5.4503
-15.577	-5.4241
-15.469	-5.3979
-15.361	-5.3718
-15.253	-5.3456
-15.145	-5.3194
-15.037	-5.2932
-14.929	-5.2671
-14.821	-5.2409
-14.713	-5.2147
-14.605	-5.1885
-14.497	-5.1624
-14.389	-5.1362
-14.281	-5.1100
-14.173	-5.0838
-14.065	-5.0576
-13.956	-5.0315
-13.848	-5.0053
-13.740	-4.9791
-13.632	-4.9529
-13.524	-4.9268
-13.416	-4.9006
-13.308	-4.8744
-13.200	-4.8482
-13.092	-4.8221
-12.984	-4.7959
-12.876	-4.7697
-12.768	-4.7435
-12.660	-4.7174
-12.552	-4.6912
-12.444	-4.6650
-12.336	-4.6388
-12.228	-4.6126
-12.120	-4.5865
-12.012	-4.5603
-11.904	-4.5341
-11.796	-4.5079
-11.688	-4.4818
-11.580	-4.4556
-11.471	-4.4294
-11.363	-4.4032
-11.255	-4.3771
-11.147	-4.3509
-11.039	-4.3247
-10.931	-4.2985
-10.823	-4.2723
-10.715	-4.2462
-10.607	-4.2200
-10.499	-4.1938
-10.391	-4.1676
-10.283	-4.1415
-10.175	-4.1153
-10.067	-4.0891
-9.9589	-4.0629
-9.8508	-4.0368
-9.7428	-4.0106
-9.6347	-3.9844
-9.5267	-3.9582
-9.4187	-3.9321
-9.2760	-3.9059
-9.1275	-3.8797
-8.9790	-3.8535
-8.8305	-3.8273
-8.6820	-3.8012
-8.5335	-3.7750
-8.3850	-3.7488
-8.2365	-3.7226
-8.0880	-3.6965
-7.9395	-3.6703
-7.7910	-3.6441
-7.6424	-3.6179
-7.4939	-3.5918
-7.3454	-3.5656
-7.1969	-3.5394
-7.0484	-3.5132
-6.8999	-3.4870
-6.7514	-3.4609
-6.6029	-3.4347
-6.4544	-3.4085
-6.3059	-3.3823
-6.1574	-3.3562
-6.0089	-3.3300
-5.8603	-3.3038
-5.7118	-3.2776
-5.5633	-3.2515
-5.4148	-3.2253
-5.2663	-3.1991
-5.1178	-3.1729
-4.9693	-3.1468
-4.8208	-3.1206
-4.6723	-3.0944
-4.5238	-3.0682
-4.3753	-3.0420
-4.2268	-3.0159
-4.0782	-2.9897
-3.9297	-2.9635
-3.7812	-2.9373
-3.6327	-2.9112
-3.4842	-2.8850
-3.3357	-2.8588
-3.1872	-2.8326
-3.0387	-2.8065
-2.8902	-2.7803
-2.7417	-2.7541
-2.5932	-2.7279
-2.4559	-2.7017
-2.3235	-2.6756
-2.1911	-2.6494
-2.0586	-2.6232
-1.9262	-2.5970
-1.7938	-2.5709
-1.6614	-2.5447
-1.5290	-2.5185
-1.3965	-2.4923
-1.2641	-2.4662
-1.1317	-2.4400
-0.99929	-2.4138
-0.86687	-2.3876
-0.73445	-2.3615
-0.60203	-2.3353
-0.46961	-2.3091
-0.33719	-2.2829
-0.20477	-2.2567
-0.072355	-2.2306
0.060064	-2.2044
0.19248	-2.1782
0.32490	-2.1520
0.45732	-2.1259
0.58974	-2.0997
0.72216	-2.0735
0.85458	-2.0473
0.98700	-2.0212
1.1194	-1.9950
1.2518	-1.9688
1.3843	-1.9426
1.5167	-1.9164
1.6491	-1.8903
1.7815	-1.8641
1.9139	-1.8379
2.0463	-1.8117
2.1788	-1.7856
2.3112	-1.7594
2.4436	-1.7332
2.5760	-1.7070
2.7084	-1.6809
2.8409	-1.6547
2.9859	-1.6285
3.1581	-1.6023
3.3303	-1.5762
3.5025	-1.5500
3.6747	-1.5238
3.8469	-1.4976
4.0191	-1.4714
4.1913	-1.4453
4.3635	-1.4191
4.5357	-1.3929
4.7078	-1.3667
4.8800	-1.3406
5.0522	-1.3144
5.2244	-1.2882
5.3966	-1.2620
5.5688	-1.2359
5.7410	-1.2097
5.9132	-1.1835
6.0854	-1.1573
6.2576	-1.1311
6.4298	-1.1050
6.6019	-1.0788
6.7741	-1.0526
6.9463	-1.0264
7.1185	-1.0003
7.2907	-0.97409
7.4629	-0.94791
7.6351	-0.92174
7.8073	-0.89556
7.9795	-0.86938
8.1517	-0.84321
8.3238	-0.81703
8.4960	-0.79085
8.6682	-0.76468
8.8404	-0.73850
9.0126	-0.71234
9.1848	-0.68620
9.3570	-0.66007
9.5292	-0.63394
9.7014	-0.60781
9.8736	-0.58168
10.046	-0.55554
10.218	-0.52941
10.390	-0.50328
10.562	-0.47715
10.758	-0.45102
10.961	-0.42488
11.164	-0.39875
11.368	-0.37262
11.571	-0.34649
11.774	-0.32035
11.977	-0.29422
12.181	-0.26809
12.384	-0.24196
12.587	-0.21583
12.790	-0.18969
12.938	-0.16356
13.052	-0.13743
13.166	-0.11130
13.279	-0.085166
13.393	-0.059034
13.506	-0.032902
13.620	-0.0067694
13.733	0.019363
13.847	0.045495
13.961	0.071627
14.074	0.097759
14.188	0.12389
14.301	0.15002
14.415	0.17616
14.529	0.20229
14.642	0.22842
14.756	0.25455
14.869	0.28068
14.983	0.30682
15.096	0.33295
15.210	0.35908
15.324	0.38521
15.437	0.41134
15.551	0.43748
15.664	0.46361
15.778	0.48974
15.892	0.51587
16.005	0.54200
16.119	0.56814
16.232	0.59418
16.346	0.62021
16.459	0.64625
16.573	0.67228
16.680	0.69832
16.760	0.72435
16.841	0.75039
16.921	0.77643
17.001	0.80246
17.081	0.82850
17.162	0.85453
17.242	0.88057
17.322	0.90660
17.402	0.93264
17.482	0.95867
17.563	0.98471
17.643	1.0107
17.723	1.0369
17.803	1.0631
17.884	1.0894
17.964	1.1156
18.044	1.1418
18.124	1.1681
18.204	1.1943
18.285	1.2206
18.365	1.2468
18.445	1.2731
18.525	1.2993
18.605	1.3255
18.686	1.3518
18.766	1.3780
18.846	1.4043
18.926	1.4305
19.069	1.4567
19.265	1.4829
19.462	1.5091
19.658	1.5353
19.854	1.5615
20.050	1.5877
20.246	1.6138
20.442	1.6400
20.638	1.6662
20.834	1.6924
21.030	1.7186
21.226	1.7448
21.422	1.7709
21.618	1.7971
21.814	1.8233
22.010	1.8495
22.206	1.8757
22.402	1.9019
22.598	1.9280
22.794	1.9542
22.990	1.9804
23.186	2.0066
23.382	2.0328
23.578	2.0590
23.774	2.0851
23.970	2.1113
24.166	2.1375
24.362	2.1637
24.558	2.1899
24.754	2.2161
24.950	2.2422
25.146	2.2684
25.342	2.2946
25.538	2.3208
25.734	2.3470
25.865	2.3732
25.939	2.3993
26.012	2.4255
26.085	2.4517
26.158	2.4779
26.231	2.5041
26.305	2.5303
26.378	2.5564
26.451	2.5826
26.524	2.6088
26.598	2.6350
26.671	2.6612
26.744	2.6874
26.817	2.7136
26.890	2.7397
26.964	2.7659
27.037	2.7921
27.110	2.8183
27.183	2.8445
27.257	2.8707
27.330	2.8968
27.403	2.9230
27.476	2.9492
27.549	2.9754
27.623	3.0016
27.696	3.0278
27.769	3.0539
27.842	3.0801
27.916	3.1063
27.989	3.1325
28.062	3.1587
28.135	3.1849
28.209	3.2110
28.282	3.2372
28.355	3.2634
28.428	3.2896
28.501	3.3158
28.575	3.3420
28.697	3.3681
28.917	3.3943
29.137	3.4205
29.357	3.4467
29.577	3.4729
29.797	3.4991
30.017	3.5252
30.238	3.5514
30.458	3.5776
30.678	3.6038
30.898	3.6300
31.118	3.6562
31.338	3.6823
31.558	3.7085
31.779	3.7347
31.999	3.7609
32.219	3.7871
32.439	3.8133
32.659	3.8395
32.879	3.8656
33.099	3.8918
33.320	3.9180
33.535	3.9442
33.661	3.9704
33.787	3.9966
33.914	4.0227
34.040	4.0489
34.166	4.0751
34.292	4.1013
34.418	4.1275
34.544	4.1537
34.670	4.1798
34.797	4.2060
34.923	4.2322
35.049	4.2584
35.175	4.2846
35.301	4.3108
35.427	4.3370
35.553	4.3631
35.680	4.3893
35.806	4.4155
35.932	4.4417
36.058	4.4679
36.237	4.4941
36.510	4.5203
36.783	4.5465
37.023	4.5727
37.106	4.5989
37.189	4.6250
37.272	4.6512
37.355	4.6774
37.438	4.7036
37.521	4.7298
37.604	4.7560
37.687	4.7822
37.769	4.8084
37.852	4.8346
37.935	4.8608
38.018	4.8869
38.101	4.9131
38.184	4.9393
38.267	4.9655
38.350	4.9917
38.433	5.0179
38.516	5.0441
38.599	5.0703
38.682	5.0965
38.764	5.1226
38.847	5.1488
38.930	5.1750
39.013	5.2012
39.096	5.2274
39.179	5.2536
39.262	5.2798
39.345	5.3060
39.428	5.3322
39.511	5.3584
39.672	5.3844
39.839	5.4105
40.006	5.4366
40.173	5.4627
40.340	5.4888
40.507	5.5149
40.674	5.5409
40.841	5.5670
41.008	5.5931
41.175	5.6192
41.342	5.6453
41.508	5.6714
41.675	5.6974
41.842	5.7235
42.009	5.7496
42.176	5.7757
42.343	5.8018
42.510	5.8278
42.677	5.8539
42.844	5.8800
43.011	5.9061
43.178	5.9322
43.345	5.9583
43.511	5.9843
43.678	6.0104
43.845	6.0365
44.012	6.0626
44.179	6.0887
44.346	6.1148
44.513	6.1408
44.646	6.1669
44.765	6.1930
44.883	6.2191
45.002	6.2452
45.121	6.2712
45.239	6.2973
45.358	6.3235
45.476	6.3498
45.595	6.3761
45.714	6.4024
45.832	6.4286
45.951	6.4549
46.069	6.4812
46.188	6.5075
46.306	6.5338
46.425	6.5601
46.544	6.5864
46.662	6.6127
46.781	6.6390
46.899	6.6653
47.018	6.6916
47.137	6.7178
47.255	6.7441
47.374	6.7704
47.492	6.7967
47.611	6.8230
47.730	6.8493
47.848	6.8756
47.967	6.9019
48.085	6.9282
48.204	6.9545
48.323	6.9808
48.441	7.0070
48.560	7.0333
48.678	7.0596
48.797	7.0859
48.915	7.1122
49.034	7.1385
49.153	7.1648
49.271	7.1911
49.390	7.2174
49.508	7.2436
49.627	7.2698
49.746	7.2959
49.864	7.3220
49.983	7.3482
50.101	7.3743
50.220	7.4005
50.339	7.4266
50.499	7.4527
50.733	7.4789
50.968	7.5050
51.202	7.5311
51.437	7.5573
51.671	7.5834
51.906	7.6096
52.140	7.6357
52.375	7.6618
52.609	7.6880
52.843	7.7141
53.078	7.7403
53.312	7.7664
53.547	7.7925
53.781	7.8187
54.016	7.8448
54.250	7.8710
54.485	7.8971
54.626	7.9232
54.750	7.9494
54.874	7.9755
54.998	8.0017
55.122	8.0278
55.247	8.0539
55.371	8.0788
55.495	8.1024
55.619	8.1259
55.744	8.1510
55.868	8.1794
55.992	8.2078
56.116	8.2362
56.240	8.2646
56.365	8.2918
56.489	8.3179
56.613	8.3440
56.737	8.3701
56.862	8.3962
56.986	8.4223
57.110	8.4484
57.234	8.4745
57.359	8.5006
57.483	8.5267
57.607	8.5528
57.731	8.5789
57.855	8.6050
57.980	8.6311
58.104	8.6571
58.228	8.6832
58.352	8.7093
58.477	8.7354
58.601	8.7615
58.725	8.7876
58.849	8.8137
58.973	8.8398
59.098	8.8659
59.222	8.8920
59.346	8.9181
59.470	8.9442
59.595	8.9703
59.719	8.9964
59.843	9.0225
59.967	9.0486
60.092	9.0747
60.216	9.1008
60.340	9.1268
60.464	9.1529
60.588	9.1790
60.713	9.2051
60.837	9.2312
60.961	9.2573
61.085	9.2834
61.210	9.3095
61.334	9.3356
61.458	9.3617
61.582	9.3878
61.706	9.4139
61.831	9.4400
61.998	9.4661
62.167	9.4922
62.337	9.5183
62.506	9.5444
62.675	9.5705
62.844	9.5965
63.014	9.6226
63.183	9.6487
63.352	9.6748
63.521	9.7009
63.690	9.7270
63.860	9.7531
64.029	9.7792
64.198	9.8053
64.367	9.8314
64.536	9.8575
64.706	9.8836
64.875	9.9097
65.044	9.9358
65.213	9.9619
65.382	9.9868
65.552	10.009
65.365	10.013
64.642	10.006
60.171	9.9723
56.610	9.9387
53.965	9.9051
53.381	9.8799
53.009	9.8555
52.637	9.8311
52.265	9.8067
51.893	9.7823
51.520	9.7579
51.148	9.7335
50.776	9.7091
50.404	9.6847
50.032	9.6603
49.659	9.6359
49.287	9.6101
48.915	9.5839
48.543	9.5578
48.171	9.5316
47.798	9.5054
47.426	9.4792
47.054	9.4531
46.682	9.4269
46.309	9.4007
45.984	9.3745
45.826	9.3484
45.668	9.3222
45.511	9.2960
45.353	9.2698
45.195	9.2437
45.038	9.2175
44.880	9.1913
44.722	9.1651
44.565	9.1390
44.407	9.1128
44.249	9.0866
44.092	9.0604
43.934	9.0342
43.776	9.0081
43.619	8.9819
43.461	8.9557
43.303	8.9295
43.146	8.9034
42.988	8.8772
42.830	8.8510
42.673	8.8248
42.515	8.7987
42.357	8.7725
42.200	8.7463
42.042	8.7201
41.884	8.6940
41.727	8.6678
41.569	8.6416
41.411	8.6154
41.254	8.5893
41.096	8.5631
40.938	8.5369
40.781	8.5107
40.623	8.4846
40.465	8.4584
40.308	8.4322
40.150	8.4060
39.992	8.3798
39.835	8.3537
39.677	8.3275
39.519	8.3013
39.362	8.2751
39.204	8.2490
39.046	8.2228
38.889	8.1966
38.731	8.1704
38.573	8.1443
38.416	8.1181
38.258	8.0919
38.100	8.0657
37.943	8.0396
37.785	8.0134
37.627	7.9872
37.470	7.9610
37.312	7.9349
37.154	7.9087
36.997	7.8825
36.839	7.8563
36.681	7.8302
36.524	7.8040
36.366	7.7778
36.208	7.7516
36.050	7.7254
35.893	7.6993
35.735	7.6731
35.577	7.6469
35.420	7.6207
35.262	7.5946
35.104	7.5684
34.947	7.5422
34.789	7.5160
34.631	7.4899
34.474	7.4637
34.316	7.4375
34.158	7.4113
34.001	7.3852
33.843	7.3590
33.685	7.3328
33.528	7.3066
33.370	7.2805
33.212	7.2543
33.055	7.2281
32.897	7.2019
32.739	7.1758
32.582	7.1496
32.424	7.1234
32.266	7.0972
32.109	7.0710
31.951	7.0449
31.793	7.0187
31.636	6.9925
31.478	6.9663
31.320	6.9402
31.163	6.9140
31.005	6.8878
30.847	6.8616
30.690	6.8355
30.532	6.8093
30.374	6.7831
30.217	6.7569
30.059	6.7308
29.901	6.7046
29.744	6.6784
29.586	6.6522
29.428	6.6261
29.271	6.5999
29.113	6.5737
28.955	6.5475
28.798	6.5214
28.640	6.4952
28.482	6.4690
28.325	6.4428
28.167	6.4166
28.009	6.3905
27.852	6.3643
27.694	6.3381
27.552	6.3119
27.409	6.2858
27.266	6.2596
27.123	6.2334
26.980	6.2072
26.838	6.1811
26.695	6.1549
26.552	6.1287
26.409	6.1025
26.266	6.0764
26.124	6.0502
25.981	6.0240
25.838	5.9978
25.695	5.9717
25.552	5.9455
25.410	5.9193
25.267	5.8931
25.124	5.8669
24.981	5.8408
24.838	5.8146
24.696	5.7884
24.553	5.7622
24.410	5.7361
24.267	5.7099
24.124	5.6837
23.982	5.6575
23.839	5.6314
23.696	5.6052
23.553	5.5790
23.410	5.5528
23.268	5.5267
23.125	5.5005
22.982	5.4743
22.839	5.4481
22.696	5.4220
22.554	5.3958
22.411	5.3696
22.268	5.3434
22.125	5.3173
21.982	5.2911
21.840	5.2649
21.697	5.2387
21.554	5.2125
21.411	5.1864
21.268	5.1602
21.126	5.1340
20.983	5.1078
20.840	5.0817
20.697	5.0555
20.554	5.0293
20.412	5.0031
20.269	4.9770
20.126	4.9508
19.983	4.9246
19.840	4.8984
19.698	4.8723
19.555	4.8461
19.412	4.8199
19.269	4.7937
19.126	4.7676
18.984	4.7414
18.841	4.7152
18.698	4.6890
18.555	4.6629
18.412	4.6367
18.269	4.6105
18.127	4.5843
17.984	4.5581
17.841	4.5320
17.698	4.5058
17.555	4.4796
17.413	4.4534
17.270	4.4273
17.127	4.4011
16.984	4.3749
16.841	4.3487
16.699	4.3226
16.556	4.2964
16.413	4.2702
16.270	4.2440
16.127	4.2179
15.985	4.1917
15.842	4.1655
15.699	4.1393
15.556	4.1132
15.413	4.0870
15.271	4.0608
15.128	4.0346
14.985	4.0085
14.842	3.9823
14.699	3.9561
14.557	3.9299
14.414	3.9037
14.271	3.8776
14.128	3.8514
13.985	3.8252
13.843	3.7990
13.700	3.7729
13.557	3.7467
13.414	3.7205
13.271	3.6943
13.129	3.6682
12.986	3.6420
12.843	3.6158
12.700	3.5896
12.557	3.5635
12.415	3.5373
12.272	3.5111
12.129	3.4849
11.986	3.4588
11.843	3.4326
11.701	3.4064
11.558	3.3802
11.415	3.3541
11.272	3.3279
11.129	3.3017
10.987	3.2755
10.844	3.2493
10.701	3.2232
10.558	3.1970
10.415	3.1708
10.273	3.1446
10.130	3.1185
9.9869	3.0923
9.8441	3.0661
9.7013	3.0399
9.5585	3.0138
9.4157	2.9876
9.2729	2.9614
9.1301	2.9352
8.9873	2.9091
8.8445	2.8829
8.7017	2.8567
8.5589	2.8305
8.4161	2.8044
8.2733	2.7782
8.1305	2.7520
7.9877	2.7258
7.8449	2.6996
7.7021	2.6735
7.5593	2.6473
7.4165	2.6211
7.2737	2.5949
7.1309	2.5688
6.9881	2.5426
6.8453	2.5164
6.7025	2.4902
6.5597	2.4641
6.4169	2.4379
6.2740	2.4117
6.1312	2.3855
5.9884	2.3594
5.8456	2.3332
5.7028	2.3070
5.5600	2.2808
5.4172	2.2546
5.2744	2.2284
5.1316	2.2023
4.9888	2.1761
4.8460	2.1499
4.7032	2.1237
4.5604	2.0975
4.4176	2.0713
4.2748	2.0451
4.1320	2.0190
3.9892	1.9928
3.8464	1.9666
3.7036	1.9404
3.5608	1.9142
3.4180	1.8880
3.2752	1.8619
3.1324	1.8357
2.9896	1.8095
2.8468	1.7833
2.7040	1.7571
2.5612	1.7309
2.4184	1.7048
2.2756	1.6786
2.1328	1.6524
1.9900	1.6262
1.8472	1.6000
1.7044	1.5738
1.5616	1.5477
1.4188	1.5215
1.2760	1.4953
1.1331	1.4691
0.99035	1.4429
0.84754	1.4167
0.70474	1.3906
0.56194	1.3644
0.41913	1.3382
0.27633	1.3120
0.13353	1.2858
-0.0092742	1.2596
-0.15208	1.2335
-0.29488	1.2073
-0.43768	1.1811
-0.58049	1.1549
-0.72329	1.1287
-0.86609	1.1025
-1.0089	1.0763
-1.1517	1.0502
-1.2945	1.0240
-1.4373	0.99780
-1.5801	0.97161
-1.7229	0.94543
-1.8657	0.91924
-2.0085	0.89306
-2.1513	0.86688
-2.2941	0.84069
-2.4369	0.81451
-2.5797	0.78833
-2.7225	0.76214
-2.8653	0.73596
-3.0081	0.70977
-3.1509	0.68359
-3.2937	0.65741
-3.4365	0.63122
-3.5793	0.60504
-3.7221	0.57886
-3.8650	0.55267
-4.0078	0.52649
-4.1506	0.50030
-4.2934	0.47412
-4.4486	0.44794
-4.6113	0.42175
-4.7740	0.39557
-4.9367	0.36938
-5.0994	0.34320
-5.2621	0.31702
-5.4248	0.29083
-5.5875	0.26465
-5.7502	0.23847
-5.9129	0.21228
-6.0756	0.18610
-6.2383	0.15991
-6.4010	0.13373
-6.5637	0.10755
-6.7264	0.081363
-6.8891	0.055179
-7.0518	0.028995
-7.2127	0.0028114
-7.3593	-0.023372
-7.5058	-0.049556
-7.6524	-0.075740
-7.7990	-0.10192
-7.9456	-0.12811
-8.0922	-0.15429
-8.2388	-0.18048
-8.3854	-0.20666
-8.5319	-0.23284
-8.6785	-0.25903
-8.8251	-0.28521
-8.9717	-0.31139
-9.1183	-0.33758
-9.2649	-0.36376
-9.4115	-0.38995
-9.5580	-0.41613
-9.7046	-0.44230
-9.8512	-0.46847
-9.9978	-0.49465
-10.144	-0.52082
-10.291	-0.54699
-10.438	-0.57317
-10.584	-0.59934
-10.731	-0.62551
-10.877	-0.65168
-11.024	-0.67786
-11.170	-0.70403
-11.317	-0.73020
-11.464	-0.75638
-11.610	-0.78255
-11.757	-0.80872
-11.903	-0.83490
-12.050	-0.86107
-12.197	-0.88724
-12.343	-0.91341
-12.490	-0.93959
-12.636	-0.96576
-12.783	-0.99193
-12.929	-1.0181
-13.076	-1.0443
-13.223	-1.0705
-13.369	-1.0966
-13.516	-1.1228
-13.662	-1.1490
-13.809	-1.1751
-13.956	-1.2013
-14.102	-1.2275
-14.249	-1.2537
-14.395	-1.2798
-14.542	-1.3060
-14.689	-1.3322
-14.835	-1.3584
-14.982	-1.3845
-15.128	-1.4107
-15.275	-1.4369
-15.421	-1.4630
-15.568	-1.4892
-15.715	-1.5154
-15.861	-1.5416
-16.008	-1.5677
-16.154	-1.5939
-16.301	-1.6201
-16.448	-1.6463
-16.594	-1.6724
-16.741	-1.6986
-16.887	-1.7248
-17.034	-1.7510
-17.180	-1.7771
-17.327	-1.8033
-17.474	-1.8295
-17.620	-1.8556
-17.767	-1.8818
-17.913	-1.9080
-18.060	-1.9342
-18.207	-1.9604
-18.353	-1.9865
-18.500	-2.0127
-18.646	-2.0389
-18.793	-2.0651
-18.939	-2.0913
-19.086	-2.1174
-19.233	-2.1436
-19.379	-2.1698
-19.526	-2.1960
-19.672	-2.2222
-19.819	-2.2483
-19.966	-2.2745
-20.112	-2.3007
-20.259	-2.3269
-20.405	-2.3531
-20.552	-2.3792
-20.698	-2.4054
-20.845	-2.4316
-20.992	-2.4578
-21.138	-2.4840
-21.277	-2.5101
-21.412	-2.5363
-21.546	-2.5625
-21.681	-2.5887
-21.815	-2.6148
-21.950	-2.6410
-22.084	-2.6672
-22.219	-2.6934
-22.353	-2.7195
-22.488	-2.7457
-22.623	-2.7718
-22.757	-2.7980
-22.892	-2.8241
-23.026	-2.8502
-23.161	-2.8764
-23.295	-2.9025
-23.430	-2.9287
-23.564	-2.9548
-23.699	-2.9810
-23.833	-3.0071
-23.968	-3.0332
-24.102	-3.0594
-24.237	-3.0855
-24.371	-3.1117
-24.506	-3.1378
-24.640	-3.1639
-24.775	-3.1901
-24.909	-3.2162
-25.044	-3.2424
-25.178	-3.2685
-25.313	-3.2947
-25.448	-3.3208
-25.582	-3.3469
-25.717	-3.3731
-25.851	-3.3992
-25.986	-3.4254
-26.120	-3.4515
-26.255	-3.4776
-26.389	-3.5038
-26.524	-3.5299
-26.658	-3.5561
-26.793	-3.5822
-26.927	-3.6084
-27.062	-3.6345
-27.196	-3.6606
-27.331	-3.6868
-27.465	-3.7129
-27.600	-3.7391
-27.734	-3.7653
-27.869	-3.7914
-28.003	-3.8176
-28.138	-3.8438
-28.273	-3.8700
-28.407	-3.8961
-28.542	-3.9223
-28.676	-3.9485
-28.811	-3.9746
-28.945	-4.0008
-29.080	-4.0270
-29.214	-4.0531
-29.349	-4.0793
-29.483	-4.1055
-29.618	-4.1317
-29.752	-4.1578
-29.887	-4.1840
-30.021	-4.2102
-30.156	-4.2363
-30.290	-4.2625
-30.425	-4.2887
-30.559	-4.3148
-30.694	-4.3410
-30.828	-4.3672
-30.963	-4.3934
-31.097	-4.4195
-31.232	-4.4457
-31.376	-4.4719
-31.522	-4.4980
-31.668	-4.5242
-31.814	-4.5504
-31.961	-4.5765
-32.107	-4.6027
-32.253	-4.6289
-32.399	-4.6551
-32.545	-4.6812
-32.691	-4.7074
-32.837	-4.7336
-32.984	-4.7597
-33.130	-4.7859
-33.276	-4.8121
-33.422	-4.8382
-33.568	-4.8644
-33.714	-4.8906
-33.860	-4.9168
-34.007	-4.9429
-34.153	-4.9691
-34.299	-4.9953
-34.445	-5.0214
-34.591	-5.0476
-34.737	-5.0738
-34.883	-5.0999
-35.030	-5.1261
-35.176	-5.1523
-35.322	-5.1785
-35.468	-5.2046
-35.614	-5.2308
-35.760	-5.2570
-35.906	-5.2831
-36.053	-5.3093
-36.199	-5.3355
-36.345	-5.3616
-36.491	-5.3878
-36.637	-5.4140
-36.783	-5.4402
-36.929	-5.4663
-37.076	-5.4925
-37.222	-5.5187
-37.368	-5.5448
-37.514	-5.5710
-37.660	-5.5972
-37.806	-5.6233
-37.952	-5.6495
-38.099	-5.6757
-38.245	-5.7019
-38.391	-5.7280
-38.537	-5.7542
-38.683	-5.7804
-38.829	-5.8065
-38.975	-5.8327
-39.122	-5.8589
-39.268	-5.8850
-39.414	-5.9112
-39.560	-5.9374
-39.706	-5.9636
-39.852	-5.9897
-39.998	-6.0159
-40.145	-6.0421
-40.291	-6.0682
-40.437	-6.0944
-40.583	-6.1206
-40.729	-6.1467
-40.875	-6.1729
-41.021	-6.1991
-41.168	-6.2253
-41.314	-6.2514
-41.460	-6.2776
-41.606	-6.3038
-41.752	-6.3299
-41.898	-6.3561
-42.044	-6.3823
-42.190	-6.4084
-42.337	-6.4346
-42.483	-6.4608
-42.629	-6.4870
-42.775	-6.5131
-42.921	-6.5393
-43.067	-6.5655
-43.213	-6.5916
-43.360	-6.6178
-43.506	-6.6440
-43.652	-6.6701
-43.798	-6.6963
-43.944	-6.7225
-44.090	-6.7487
-44.236	-6.7748
-44.383	-6.8010
-44.529	-6.8272
-44.675	-6.8533
-44.821	-6.8795
-44.967	-6.9057
-45.113	-6.9318
-45.259	-6.9580
-45.406	-6.9842
-45.552	-7.0104
-45.698	-7.0365
-45.844	-7.0627
-45.990	-7.0889
-46.136	-7.1150
-46.282	-7.1412
-46.429	-7.1674
-46.575	-7.1935
-46.721	-7.2197
-46.867	-7.2459
-47.013	-7.2721
-47.159	-7.2982
-47.305	-7.3244
-47.452	-7.3506
-47.598	-7.3767
-47.744	-7.4029
-47.890	-7.4291
-48.036	-7.4553
-48.182	-7.4818
-48.328	-7.5082
-48.475	-7.5347
-48.621	-7.5612
-48.767	-7.5875
-48.913	-7.6138
-49.059	-7.6400
-49.205	-7.6662
-49.351	-7.6924
-49.498	-7.7186
-49.644	-7.7448
-49.790	-7.7710
-49.936	-7.7973
-50.082	-7.8235
-50.228	-7.8497
-50.374	-7.8759
-50.521	-7.9021
-50.667	-7.9283
-50.813	-7.9545
-50.959	-7.9808
-51.105	-8.0070
-51.251	-8.0332
-51.397	-8.0594
-51.544	-8.0856
-51.690	-8.1118
-51.836	-8.1380
-51.982	-8.1643
-52.128	-8.1905
-52.274	-8.2167
-52.420	-8.2429
-52.567	-8.2691
-52.713	-8.2953
-52.859	-8.3215
-53.005	-8.3478
-53.151	-8.3740
-53.297	-8.4002
-53.443	-8.4264
-53.590	-8.4526
-53.736	-8.4788
-53.882	-8.5050
-54.028	-8.5312
-54.174	-8.5574
-54.320	-8.5835
-54.466	-8.6097
-54.612	-8.6359
-54.759	-8.6620
-54.905	-8.6882
-55.051	-8.7144
-55.197	-8.7406
-55.343	-8.7667
-55.485	-8.7929
-55.615	-8.8191
-55.745	-8.8452
-55.875	-8.8714
-56.005	-8.8976
-56.135	-8.9238
-56.266	-8.9499
-56.396	-8.9761
-56.526	-9.0023
-56.656	-9.0284
-56.786	-9.0546
-56.917	-9.0808
-57.047	-9.1070
-57.177	-9.1331
-57.307	-9.1593
-57.437	-9.1855
-57.567	-9.2116
-57.698	-9.2378
-57.828	-9.2639
-57.958	-9.2900
-58.088	-9.3161
-58.218	-9.3422
-58.348	-9.3683
-58.479	-9.3944
-58.609	-9.4205
-58.739	-9.4465
-58.869	-9.4726
-58.999	-9.4987
-59.129	-9.5248
-59.260	-9.5509
-59.390	-9.5770
-59.520	-9.6031
-59.658	-9.6292
-59.807	-9.6553
-59.955	-9.6813
-60.103	-9.7074
-60.251	-9.7335
-60.399	-9.7596
-60.548	-9.7857
-60.696	-9.8118
-60.844	-9.8379
-60.992	-9.8640
-61.140	-9.8901
-61.288	-9.9162
-61.437	-9.9422
-61.585	-9.9683
-61.733	-9.9928
-61.881	-10.007
-61.667	-10.005
-61.157	-9.9900
-56.069	-9.9541
-50.249	-9.9218
-43.511	-9.8976
-40.530	-9.8733
-38.914	-9.8495
-38.519	-9.8280
-38.124	-9.8064
-37.729	-9.7849
